37.8
48.55
57.29
6.55
56.54
36.98
27.18
0.53
42.1
21.18
5.99
20.01
54.25
45.47
24.54
4.42
54.83
36.79
46.54
25.87
58.44
45.38
55.59
35.86
22.02
39.11
48.12
56.53
36.55
11.65
51.81
61.23
39.7
18.9
7.23
47.75
27.19
41.46
20.95
32.39
9.93
53.42
42.76
51.19
59.17
38.69
15.65
33.17
4.6
44.61
57.16
4.19
45.26
24.27
35.21
8.22
22.55
33.59
16.6
51.31
39.2
48.89
8.14
21.9
61.72
41.52
13.8
25.07
35.73
10.07
56.28
37.07
12.49
51.66
32.24
5.07
45.69
24.03
58.79
8.17
58.18
38.55
13.9
55.61
15.26
52.42
33.06
60.8
41.84
25.92
54.63
6.34
45.78
26.99
35.2
59.41
39.74
18.17
54.16
7.45
48.55
36.38
11.16
52.14
40.35
21.46
55.13
5.2
48.8
37.77
14.12
51.34
31.29
7.31
46.29
56.59
4.52
19.05
54.28
35.4
9.9
22.25
37.28
13.62
60.95
40.95
49.63
31.15
2.39
44.59
58.96
3.89
17.17
53.4
34.7
22.43
57.96
20.32
34.92
10.56
48.71
46.77
26.42
36.11
25.08
58.13
38.46
9.13
23.33
8.72
47.04
53.78
33.09
41.84
18.66
53.79
35.86
8.85
47.72
27.96
61.85
42.27
25.95
35.59
44.67
52.92
43.2
7.97
47.03
24.75
59.53
33.78
6.47
43.88
54.26
28.47
7.22
43.89
60
40.15
50.05
39.35
58.02
39.1
15.55
55.09
35.49
10.35
54.78
34.73
49.67
31.39
4.14
45.02
58.48
39.98
18.99
54.6
34.77
8.11
52.26
60.87
40.9
50.03
30.45
13.58
53.88
43.66
23.25
34.01
12.28
25.41
59.1
21.7
6.63
44.52
24.58
39.99
17.03
59.95
33.4
43.2
20.67
56.05
36.85
13.69
51.69
32.82
6.08
20.18
32.04
6.08
55.98
37.28
13.83
53.98
2.03
16.04
27.43
40.85
8.36
34.23
42.8
30.72
43.94
52.56
33.4
8.1
49.54
30.18
38.44
47.19
56.29
46.65
55.87
5.13
46.88
26.17
36.42
45.32
60.08
41.94
49.59
18.54
51.55
59.87
17.71
40.55
31.11
1.22
44.17
23.19
57.94
10.07
49.47
16.8
1.11
18.23
3.13
47.28
36.96
21.17
1.93
15.54
53.3
34.03
59.58
39.54
11.91
49.95
28.81
2.82
45.15
26.18
60.59
37.96
16.3
51.63
33.43
7.87
48.24
27.72
60.94
12.87
25.06
58.78
37.46
13.36
49.67
35.48
24.68
34.02
7.55
48.26
30.59
40.59
47.2
25.94
60.27
42.77
20.73
56.07
48.11
27.81
60.14
19.48
2.28
21.27
6.66
48.39
28.57
2.87
44.34
53.16
31.56
61.98
11.23
57.92
7.55
21.59
30.87
39.64
48.65
57.57
43.92
24.34
55.07
4.72
17.83
27.99
1.83
16.22
52.69
33.79
7.8
39
16.17
58.42
49.91
30.84
1.71
47.96
54.79
7.84
21.55
4.61
46.23
18.03
52.25
37.92
11.03
25.61
60.04
41.44
21.74
32.24
40.78
19.13
46.59
27.06
60.28
41.38
49.47
31.15
18.05
53.58
6.53
26.48
55.64
36.67
45.45
25.89
60.23
10.95
46.26
35.65
44.02
56.22
39.19
11.59
60.56
49.01
28.7
7.54
57.63
6.21
27.1
14
61.8
47.48
2.5
42.47
21.96
57.91
39.97
18.41
53.77
34.72
42.26
50.44
59.54
37.59
24.63
58.54
40.61
50.71
28.78
0.57
42.59
53.8
35.14
7.88
51.76
30.41
60.73
10.08
49.39
2.13
43.46
55.49
38.4
45.97
33.36
7.83
20.05
30.93
4.23
55.11
36.41
11.84
50.11
61
42.21
51.34
59.98
41.13
19.99
54.46
2.83
52.41
35.66
8.93
49.76
57.96
39.78
19.52
4.67
46.31
25.61
57.8
38.3
45.84
26.51
57.93
46.4
36.46
12.15
50.01
59.11
41.22
19.01
45.62
24.16
58.94
39.34
15.14
0.58
50.52
32.99
14.01
51.18
41.87
20.1
6.64
45.07
25.66
8.41
43.08
51.48
30.12
44.12
30.81
40.9
49.59
29.62
38.56
13.34
48.01
58.93
40.82
17
54.81
34.52
7.85
19.86
3.72
43.67
22.63
32.6
42.98
31.6
3.19
43.79
8.29
46.48
35.57
10.79
25.05
58.86
10.53
58.94
47.71
56.8
37.52
12.44
34.35
45.05
24.66
56.42
38.52
17.85
29.08
59.04
39.31
17.5
54.94
36.64
45.48
24.38
35.85
22.99
56.86
43.16
21.18
7.1
46.63
55.78
33
40.58
25.59
11.76
60.17
40.87
19.17
30.62
38.77
17.32
53.98
35.62
23.98
33.1
22.68
34.29
7.21
21.03
56.41
2.84
44.21
28.4
1.65
17.94
29.31
1.69
46.28
33.86
43.42
34.15
8.58
48.94
59.4
11.08
25.87
59.3
40.4
30.21
2.69
45.98
36.26
45.85
56.01
46.75
27.06
59.88
38.02
13.07
51.61
34.43
10.17
50.98
32.86
9.11
47.87
38.35
17.72
0.58
16.27
54.12
45.1
55.13
3.39
19.03
2.39
43.48
23.04
59.12
41.64
25.41
60.6
13.07
50.92
6.6
22.13
56.45
7.35
46.75
27.15
38.18
15.38
52.52
42.38
23.51
57.53
38.52
27.38
6.65
28.29
61.47
51.54
33.63
48.33
30.44
7.4
22
7.36
46.6
3.08
44.28
23.84
8.85
24.04
58.86
39.53
18.13
31.25
40.45
59.79
41.23
20.97
56.17
39.03
16.27
50.73
33.54
43.73
25.09
35.52
10.68
58.06
38.22
16.27
28.42
2.53
54.92
35.64
44.96
23.19
58.8
40.89
20.43
55.71
6.04
50.33
40.06
17.57
51.73
61.25
43.89
23.52
51.94
32.87
19.85
1.32
49.63
31.66
41.37
21.06
57.37
35.23
11.18
26.22
61.52
46.96
56.61
36.82
15.29
28.42
0.64
16.58
48.74
30.69
3.25
22.6
58.61
37.55
13.46
56.38
38.6
47.7
56.6
38
47.93
27.62
60.26
20.98
56.12
38.71
18.53
52.15
40.98
30.09
59.74
10.87
60.55
52.23
57.12
39.36
29.28
3.78
44.67
24.72
55.22
36.71
26.96
38.9
16.48
52.01
31.47
28.29
54.57
33.88
9.03
31.62
3.7
45.6
23.68
57.88
45.28
55.4
42.31
52.29
35.37
10.09
49.94
31.06
19.83
55.49
40.79
51.07
32.29
8.56
51.22
31.55
13.78
52.07
31.83
41.53
21.19
6.05
41.11
50.63
34.89
8.39
23.63
55.38
5.23
20.65
56.57
38.54
53.45
33.93
21.64
56.21
39.08
14.4
53.53
34.71
9.23
49.78
41.17
21.17
41.7
32.94
3.8
21.58
2.59
44.93
53.98
35.88
8.04
46.98
57.44
39
49.21
39.69
3.64
45.02
53.84
3.62
56.76
34.43
7.99
48.67
29.58
39.12
18.15
2.1
45.5
25.57
37.81
11.46
50.59
31.53
18.89
55.87
35.85
21.48
57.67
47.89
55.28
12.67
21.78
57.19
8.24
21.79
62
51.92
41.75
22.2
57.04
36.71
24.2
59.41
27.39
0.73
50.64
30.55
4.93
48.43
26.41
35.59
12
51.77
33.66
44.25
23.8
59.41
42.97
19.78
3.99
18.43
54.86
35.91
26.15
37
46.61
26.09
58.2
38.52
54.79
6.97
21.02
60.21
41.54
21.57
43.7
25.98
61.02
51.49
