105
108
108
68
79
68
79
80
80
69
107
80
68
80
73
68
77
107
79
82
73
105
80
71
101
107
108
81
79
78
107
82
78
66
80
79
102
79
107
75
74
69
108
108
82
79
102
81
80
104
108
79
79
107
80
107
107
73
83
71
106
96
107
74
80
84
108
107
79
72
79
79
79
79
80
80
79
79
108
68
80
80
74
100
80
80
85
80
74
84
106
80
79
109
90
80
79
79
104
79
71
80
77
69
78
80
107
77
69
79
80
79
78
80
106
108
107
80
79
79
108
103
79
68
81
107
79
79
78
102
111
108
80
79
69
79
99
103
78
80
61
79
107
69
80
81
83
107
68
81
110
80
106
81
81
79
80
80
79
80
80
75
108
107
107
69
89
81
80
80
87
80
82
107
85
74
82
99
80
107
69
96
80
80
77
79
79
74
79
101
78
80
79
103
79
79
79
81
80
74
107
80
107
79
71
78
68
79
107
76
107
80
98
68
82
78
103
79
71
88
107
80
79
79
79
80
79
79
107
107
79
68
79
79
77
107
107
108
104
85
96
107
71
103
108
79
79
78
79
108
107
106
69
107
107
79
79
107
107
101
79
108
90
82
108
103
95
68
81
79
79
79
105
80
91
68
105
68
77
69
73
72
108
79
79
89
80
82
81
80
78
78
78
79
83
78
81
79
79
79
80
80
107
108
80
82
80
81
74
69
108
79
78
78
106
109
81
79
78
80
79
68
80
79
102
70
103
69
78
79
78
79
108
82
83
107
71
107
107
109
108
107
107
74
79
83
107
108
108
78
107
80
79
79
90
79
73
68
80
80
74
110
103
107
70
79
86
81
74
81
106
79
78
78
107
108
79
89
79
80
79
108
79
68
79
104
101
85
80
107
79
79
107
85
69
108
102
80
80
68
71
79
75
68
108
101
68
68
72
100
82
79
78
79
79
80
79
109
108
109
81
70
79
78
108
80
80
79
106
79
80
75
82
81
108
80
79
80
103
79
109
71
79
108
107
79
68
79
79
80
105
79
108
107
79
79
80
107
70
78
80
79
108
79
77
68
79
79
81
80
109
78
82
72
68
79
80
107
79
79
90
80
79
80
81
68
70
77
74
80
68
79
67
81
79
71
85
108
81
102
72
106
108
79
108
81
83
105
79
80
78
80
80
108
70
81
79
108
107
71
80
80
90
82
70
79
107
79
107
69
70
107
81
79
98
106
79
83
78
78
107
84
80
79
78
78
107
79
106
69
80
74
80
68
80
107
84
107
74
68
68
80
79
107
108
79
79
78
69
107
68
106
80
107
80
109
80
75
79
106
107
79
77
72
107
68
79
80
104
107
106
80
78
69
79
78
68
107
106
69
78
80
82
81
79
78
78
78
78
77
81
68
78
69
106
78
68
106
107
106
69
80
80
78
78
73
78
107
79
101
106
79
106
81
79
106
78
79
69
78
79
81
69
75
101
79
69
78
99
78
77
106
68
80
98
80
78
69
106
78
80
79
106
106
97
78
78
80
78
79
81
76
106
78
107
79
70
81
79
107
78
68
78
106
81
78
78
79
79
107
75
68
80
81
106
78
78
87
79
70
71
72
79
107
78
79
81
79
106
79
73
106
81
77
106
79
106
83
79
79
103
79
80
79
74
78
107
107
79
106
80
80
100
80
77
78
82
71
68
83
107
68
68
108
78
69
78
80
79
84
78
68
105
79
82
79
61
88
81
79
100
79
79
81
80
70
107
71
106
78
79
79
79
68
79
75
105
79
76
78
79
72
79
81
106
79
69
85
107
76
79
106
83
107
106
79
78
101
79
70
79
77
81
78
79
78
79
67
78
96
68
81
105
71
77
107
79
82
80
106
78
107
68
89
79
106
106
67
82
80
79
79
107
78
69
78
78
107
79
79
79
70
78
81
71
78
70
107
106
106
79
106
107
74
69
68
78
79
81
70
78
93
78
71
81
78
76
81
108
78
78
78
106
79
78
78
81
69
106
79
79
68
107
107
79
81
80
99
105
107
74
79
78
94
77
78
69
81
