56.5
56.61
56.91
25.91
56.97
56.56
54.4
9.19
56.9
52.17
26.23
52.38
56.32
56.56
54.04
24.65
56.64
57.21
57.33
54.24
56.6
56.63
54.96
54.76
54.2
57.48
57.63
56.94
57.56
50.52
57.63
55.06
57.66
52.81
29.14
57.86
54.9
57.01
53.15
55.16
40.03
57.29
57.7
57.96
55.6
58.05
51.71
55.62
25.47
55.52
58.31
25.22
58.25
54.77
58.26
31.22
53.84
55.24
51.92
57.72
58.34
57.89
31.53
54.08
58.62
57.8
52.21
55.49
58.69
46.26
58.73
58.74
52.21
58.71
58.69
27.9
58.84
55.59
58.82
31.86
58.93
58.85
52.51
58.28
52.35
58.95
56.29
59.13
56.51
55.99
58.98
28.18
58.27
56.05
58.42
59.27
59.24
57.66
61.41
37.15
61.38
64.07
53.56
63.45
64.15
59.52
64.18
33.27
63.6
64.25
57.82
64.23
63.54
37.39
64.3
64.08
33.21
59.41
63.59
64.32
46.51
59.84
64.35
57.99
61.73
64.52
64.23
63.97
25.28
63.95
64.71
31.4
58.04
64.69
64.04
60.04
62.04
59.98
64.55
55.09
64.76
64.83
61.77
64.07
61.54
64.83
64.79
41.6
61.41
37.81
64.79
64.02
64.79
64.82
59.33
64.7
64.95
37.88
62.33
62.51
64.95
64.32
61.84
64.99
65.05
64.91
64.46
38.03
62.32
61.71
64.85
65.02
34.17
62.59
65.28
62.13
34.68
64.46
65.38
64.95
64.98
62.61
64.6
64.98
58.92
64.94
64.63
53.9
62.78
62.9
65.48
65.39
32.84
65.25
65.18
65.44
60.65
63.09
65.36
38.48
65.52
62.98
65.51
65.4
62.81
59.1
64.88
65.61
62.09
62.95
58.99
62.61
65.02
61.15
34.72
65.45
62.62
65.58
59.12
63.07
65.79
65.53
61.37
65.82
65.13
59.49
65.88
65.84
34.94
61.19
65.88
35.01
65.93
65.8
59.47
65.93
22.83
59.44
62.93
63.36
38.86
65.91
63.28
65.23
65.76
66.12
65.1
38.98
65.98
66.05
65.98
63.41
65.33
66.1
66.08
35.11
66.01
63
65.77
63.68
63.52
66.02
62.97
59.71
65.86
63.53
59.77
65.98
63.49
19.58
66.26
61.84
66.23
51.46
63.06
59.78
19.48
59.88
27.89
65.47
63.01
61.7
22.76
59.92
66.27
65.52
65.62
63.22
59.45
66.3
65.51
27.99
66.32
63.15
63.54
65.63
59.83
66.37
66.38
39.33
66.42
63.98
66.39
59.78
63.18
63.88
66.27
59.93
65.72
65.73
63.06
65.72
39.54
66.46
66.5
66.19
64.11
63.38
63.79
65.76
62.07
65.89
66.66
63.4
63.98
61.75
24.02
61.91
35.63
66.64
66.23
28.29
66.46
63.58
63.77
66.36
59.48
66.41
39.55
62.06
66.51
66.62
66.66
63.62
64.04
63.23
66.77
34.56
60.51
63.82
22.87
60.28
66.7
66.63
39.64
66.76
60.22
66.05
66.49
66.78
21.86
66.39
64.16
39.84
62.3
35.88
64.31
60.55
66.1
63.91
59.74
63.76
66.83
66.73
62.3
66.82
66.49
62.17
66.97
63.94
66.61
66.78
66.79
66.21
60.56
63.95
36.04
63.83
66.92
66.84
66.78
63.91
66.97
56.55
66.43
66.84
64.46
66.99
66.8
60.07
64.29
66.28
64.23
39.87
66.94
36.05
63.77
60.53
64.4
66.36
28.72
67.02
62.54
66.4
66.88
60.67
66.76
66.99
67.01
67.08
67.1
66.26
63.7
66.98
67.04
67.11
64.44
19.3
64.38
67.2
66.3
40.02
64.49
64.52
67.2
54.38
66.48
23.78
64.27
67.23
67.34
66.44
67.08
40.16
62.49
67.18
34.21
67.3
67.27
60.25
66.96
67.16
67.25
67.32
67.28
67.24
62.56
67.32
28.97
66.7
67.22
44.58
67.31
66.58
64.67
62.5
35.35
67.26
64.29
67.21
66.89
67.32
64.48
66.71
66.64
66.91
60.42
67.48
67.42
67.48
61.24
67.25
64.11
66.71
64.93
61.12
19.68
64.74
66.69
60.98
66.59
67.41
62.83
36.65
67.54
64.33
40.62
67.38
65.06
67.13
66.79
67.13
67.55
66.95
67.46
64.99
61.14
65.06
67.56
67.51
61.13
67.7
64.94
40.5
62.75
34.22
67.52
64.13
67.48
64.89
67.62
29.16
66.8
41.04
64.9
67.74
57.84
64.28
67.47
57.35
64.86
67.56
65.12
64.81
60.53
67.29
67.77
64.5
67.76
67.15
61.34
64.7
67.66
67.61
61.29
67.64
67.68
67.77
64.25
67.12
64.25
66.98
67.08
62.92
37.27
67.46
64.99
67.68
66.92
64.57
60.71
67.73
67.77
63.09
67.87
67.84
61.37
67.88
67.15
64.49
67.05
63.24
67.9
40.8
62.98
67.63
29.59
67.25
65.43
22.29
61.57
67.81
22.35
65.06
67.68
67.22
67.81
42.77
65.38
67.87
59.99
64.83
67.99
67.75
67.61
29.55
67.46
68.01
67.95
65.34
67.77
64.86
65.29
65.31
61.56
68.1
67.75
52.59
67.8
65.29
46.15
65.48
67.79
61.74
20.28
61.61
67.36
68.03
67.79
32.83
63.26
28.4
65.53
63.57
68.22
65.15
64.9
67.81
61.61
65.5
37.16
63.64
68.31
41.15
67.8
65.68
68.09
61.66
67.38
68.25
64.86
65.08
67.45
64.96
37.29
65.79
65.53
67.88
65.58
68.22
68.09
41.22
63.58
41.14
67.7
29.78
68.02
64.77
42.28
64.7
67.44
65.15
61.81
68.27
65.54
68.26
68.19
63.64
68.26
68.2
61.89
65.56
68.12
68.08
64.86
67.56
59.59
65.23
68.19
61.85
67.53
25.3
68.47
68.26
65.34
64.91
68.3
67.97
63.56
68.1
37.47
67.75
67.8
62.08
68.47
68.51
68.49
64.98
67.84
67.46
63.67
22.03
68.4
68.52
68.45
63.87
65.97
68.44
61.35
65.48
65.39
68.5
65.94
68.12
62
65.78
21.06
61.97
68.57
68.53
30.17
63.84
68.33
68.48
62.24
66.02
68.62
68.77
68.05
68.7
66.32
65.93
66.29
64.15
66.03
68.71
62.39
65.66
68.1
66.02
68.79
60.98
68.11
68.81
68.53
66.09
68.34
35.39
68.77
65.68
68.88
68.34
66.35
68.61
62.22
68.45
68.78
65.83
66.16
68
47.62
68.8
35.31
65.9
64.32
66.16
68.74
66.35
68.78
68.89
68.54
53.51
68.68
68.19
64.11
65.88
68.58
66.34
68.1
42.15
68.65
66.18
62.42
66.23
68.96
68.89
64.43
37.99
68.64
68.9
68.93
42.94
65.53
68.93
38.02
64.1
68.98
66.26
69
66.3
64.42
66.35
66.04
62.38
68.81
69.06
47.87
68.26
68.63
64.26
68.78
66.46
35.73
64.24
30.14
68.95
69.06
66.05
42.07
68.97
69.16
68.94
68.51
66.14
35.73
69.1
69.19
35.58
66.16
68.52
42.06
68.37
68.81
69.22
64.27
25.86
69.09
66.02
69.28
62.11
68.5
66.2
63.4
66.94
66.45
64.6
66.55
68.97
69.29
38.33
64.73
69.26
42.25
64.78
68.67
68.62
69.28
64.81
66.77
66.52
65.94
68.71
66.89
21.99
66.78
68.66
38.42
66.95
66.18
69.33
62.39
69.25
69.36
69.43
65.92
69.37
66.66
64.57
36.51
64.53
69.36
68.57
66.17
69.07
69.37
66.32
66.81
68.67
69.39
40.64
64.86
69.35
69.35
64.86
68.76
66.4
68.59
66.88
