89
117
87
114
114
84
88
86
86
116
113
84
75
86
86
78
111
81
86
85
115
85
115
103
114
85
115
92
78
85
111
114
78
115
86
77
76
77
85
88
87
92
85
87
74
84
76
85
87
112
85
113
86
93
114
85
85
114
106
71
87
115
77
84
115
90
86
85
95
84
114
86
115
113
88
77
77
80
86
105
85
85
86
76
115
114
86
114
75
87
88
76
89
110
112
114
90
85
80
76
88
76
78
86
85
77
85
92
86
91
91
113
93
79
86
114
87
114
115
85
76
114
83
86
89
77
111
85
115
87
86
85
110
76
90
77
91
90
116
87
90
86
90
78
115
115
85
88
78
98
86
114
87
87
86
113
111
116
102
91
85
115
89
85
90
76
88
86
85
92
114
92
86
111
114
115
87
86
85
85
114
76
94
86
120
91
87
114
87
86
106
104
114
115
90
85
90
115
96
88
115
114
91
85
115
88
76
76
114
114
107
114
114
115
114
90
110
114
85
114
86
110
113
87
115
115
114
76
90
111
116
106
76
114
87
86
115
86
115
116
87
85
115
110
78
113
117
86
117
91
84
85
104
78
76
79
93
93
87
89
90
89
87
78
89
116
106
87
116
92
93
86
87
87
87
86
86
88
84
116
76
114
91
85
111
86
87
81
88
76
110
84
77
114
115
114
85
116
91
114
85
87
76
90
115
116
110
88
120
115
85
85
86
111
76
86
114
74
85
113
114
84
87
80
84
91
114
115
86
89
86
116
114
85
77
88
76
115
86
86
116
115
115
88
115
86
77
96
85
115
77
118
114
89
115
87
117
88
85
116
112
85
85
114
116
88
89
87
101
87
90
88
87
113
109
78
113
85
86
86
91
85
114
76
85
112
77
76
115
118
94
86
76
76
76
86
85
86
86
115
87
116
115
88
87
86
91
87
84
112
76
83
115
116
85
114
114
114
114
90
110
111
85
109
94
115
88
109
85
110
114
90
117
77
90
115
86
86
114
111
87
74
78
86
75
76
77
76
109
85
87
114
111
84
100
114
108
115
87
85
114
108
114
114
88
114
76
116
76
120
86
86
91
75
111
76
116
86
76
114
76
86
115
92
114
85
116
115
114
90
87
116
91
116
117
92
113
87
88
88
88
79
77
87
116
89
89
83
85
113
115
76
115
86
86
94
116
100
86
88
86
114
86
116
91
87
86
73
106
85
77
113
113
85
116
110
85
86
91
113
98
85
76
84
76
76
76
91
87
77
91
114
109
115
116
115
76
113
85
114
78
116
115
88
88
104
87
115
87
85
103
112
76
87
94
116
113
116
86
86
116
111
85
77
115
114
115
116
85
115
87
91
114
75
110
115
89
77
86
116
117
87
88
86
77
112
117
74
115
76
86
76
84
86
85
97
114
85
115
113
87
88
91
88
115
86
115
88
91
113
85
91
115
76
85
86
111
84
117
85
111
91
105
115
111
113
77
114
84
88
111
75
94
86
86
74
77
85
85
93
77
113
111
115
115
77
85
90
87
114
112
76
90
84
109
90
87
109
87
106
76
91
85
86
94
76
116
76
87
112
85
86
87
85
115
87
114
113
76
85
86
86
91
85
115
114
114
76
85
85
86
113
89
94
76
88
85
89
76
87
116
90
85
114
110
115
111
117
85
76
86
84
84
86
111
85
86
112
116
84
116
97
91
115
90
115
76
87
85
109
114
75
86
76
115
85
86
113
86
85
84
114
114
90
86
89
77
113
114
115
85
117
114
88
84
90
88
115
85
115
85
86
115
87
89
117
115
90
116
120
88
111
113
87
115
85
86
114
116
87
83
111
112
114
76
85
91
76
87
116
86
87
103
114
86
90
115
76
85
84
87
113
110
85
114
90
91
115
115
87
86
115
109
111
90
120
114
85
109
85
115
82
116
89
91
91
115
86
88
87
87
86
86
76
86
77
116
114
110
91
87
85
86
114
87
91
109
115
85
87
88
76
86
87
88
114
115
91
114
86
85
104
88
