42.69
67.12
91.09
17.08
38.99
61.67
82.94
7.68
31.22
56.98
79.47
7.32
31.86
55.26
78.13
1.38
24.01
47.18
67.6
90.98
16.85
38.08
61.76
85.99
8.28
29.24
47.34
66.51
88.46
12.71
32.06
56.53
82.69
11.97
38.36
64.2
88.33
14.82
41.33
61.56
86.34
10.69
32.11
55.66
79.6
8.67
33.91
59.54
83.47
10.3
36.27
61.36
87.44
13.77
40.14
68.38
91.68
18.79
46.43
73.53
3.55
30.44
55.5
82.5
11.41
38.08
65.72
92.88
17.15
43.98
72.54
3.02
28.65
56.97
86.58
15.57
41.41
64.26
90.16
21.61
48.75
76.45
6.52
32.53
60.03
86.56
16.11
42.72
68.37
92.59
17.07
41.1
62.33
87.46
14.61
39.47
59.9
84.2
10.5
36.48
56.01
78.99
7.02
32.31
54.41
78.29
5.34
24.43
49.13
73.2
99.36
62.84
86.42
13.19
35.67
60.9
84.27
9.48
33.22
58.79
84.95
12.41
36.53
61.54
81.1
8.1
36.18
58.75
84.24
11.75
32.55
56.26
80.43
8.91
27.99
49.05
75.7
4.08
28.81
52.86
77.95
3.58
22.04
46.2
68.98
91.69
17.14
42.03
67.78
89.97
15.41
38.19
63.25
88.75
14.37
38.81
62.86
87.43
11.17
36.26
61.08
84.25
13.44
41.46
68.1
94.63
20.55
47.58
72.76
98.34
22.51
50.94
73.66
98.98
21.73
44.52
69.65
95.56
22.87
45.2
64.69
88.14
17.76
40.13
62.81
84.33
11.49
36.71
60.22
81.59
8.48
28.48
54.05
73.93
2.55
22.79
46.91
69.8
97.04
63.27
85.68
15.63
39.04
62.75
87.37
10.44
29.17
51.36
70.79
96.4
21.59
45.35
68.99
95.12
61
86.59
6.78
32
54.42
81.05
8.55
30.24
49.13
74.6
1.9
21.95
42.96
64.62
89.49
16.21
40.65
61.54
85.56
12.01
35.08
55.47
77.17
2.19
22.73
41.53
64.48
84.46
12.15
31.81
56.62
78.68
6.03
28.33
52.59
74.17
97.97
19.98
42.36
62.17
85.13
13.29
32.17
58.63
82.44
7.69
32.58
56.69
75.1
2.17
23.65
44.1
65.28
85.5
9.37
32.55
51.23
73.39
97.23
19.76
42.14
65.13
86.72
13.64
36.79
60.54
85.58
12.31
34.85
61.05
80.6
7.35
29.93
58.36
87.4
16.97
44.19
72.32
96.41
25.24
49.03
75.88
1.4
28.81
54.62
80.99
6.27
33.22
57.87
84.1
13.69
41.03
65.65
93.37
59.3
89.26
27.73
55.85
83.25
8.25
32.5
56.63
79.68
6.22
34.36
62.56
91.53
20.39
47.31
74.28
4.18
28.43
55.71
83.77
13.54
42.59
69.82
98.36
21.75
41.92
64.33
92.04
19.76
46.91
71.11
94.15
56.68
80.86
7.9
32.83
59.57
83.88
9.59
34.23
57.9
82.06
3.9
24.71
49.68
72.57
95.39
20.82
41.25
63.11
90.07
18.5
41.86
61.92
88.34
16.51
37.43
59.91
84.55
12.5
33.82
57.51
79.97
5.66
30.15
53.51
73.54
98.86
19.36
42.53
66.29
92.79
58.73
83.51
7.56
31.64
56.08
74.57
1.67
24.76
47.85
72.01
97.84
23.69
44.62
66.93
93.24
14.99
38.56
62.74
86.95
10.3
37.16
62.45
86.74
14.35
42.07
67.78
95.45
24.23
53.38
81.76
12.82
42.65
69.27
2.87
29.49
59.37
86.96
19.3
49.5
79.6
12.19
42.37
73.67
97.39
29.88
57.78
90.64
50.8
81.42
14.38
46.7
76.97
10.46
41.71
74.73
8.2
40.56
71.45
4.1
37.62
70.53
1.75
35.69
65.62
98.62
33.37
62.86
97.32
30.62
62.79
94.11
28.23
61.32
93.03
27.04
57.54
90.29
22.44
54.83
86.2
17.97
49.34
81.03
15.14
44.01
76.02
8.64
39.41
67.82
98.09
27.05
56.94
83.78
21.8
47.22
69.62
1.75
29.7
54.26
77.91
4.62
32.62
54.98
78.57
6.4
29.99
54.01
78.47
2.12
27.04
48.08
74.27
99.72
23.57
49.23
70.14
96.04
23.34
45.73
71.46
97.8
26.08
49.83
73.18
98.22
22.87
45.03
65.86
91.77
16.77
44.18
68.69
95.46
18.99
44.87
68.69
93.88
22.26
46.05
72.76
4.17
32.25
60.3
85.95
14.12
41.47
70.49
1.7
32.03
60.97
91.57
22.37
50.89
80.1
12.33
41.06
67.22
97.15
27.91
56.08
86.02
17.69
47.51
73.11
6.02
33.3
62.77
90.77
23.02
82.5
14.88
47.49
79.67
8.9
41.05
69.15
96.31
30.81
61.95
94.19
27.07
59.88
92.7
27.98
58.92
92.22
22.25
53.12
85.08
17.77
49.92
79.4
12.37
43.67
75.12
10.33
41.45
70.9
5.05
37.45
70.53
5.12
37.5
70.05
1.7
33.04
65.59
97.76
29.98
62.54
96.25
28.13
59.33
92.04
25.26
56.72
90.38
24.77
56.92
85.28
18.39
50.78
82.41
13.49
44.87
77.22
8.97
39.61
68.54
2.8
35.81
64
98.33
31.88
63.7
96.73
23.88
55.73
87.3
17.33
48.42
76.35
9.49
38.6
70.53
6.03
38.89
69.41
3.57
36.38
69.57
4.89
37.95
71.83
7.25
38.91
71.72
2.85
33.42
66.97
2.97
35.42
67.91
98.4
31.81
65.4
98.7
32.52
60.42
92.62
27.53
60.39
93.02
25.09
59.76
93.92
29.06
61.19
95.03
27.62
61.82
92.27
28.22
61.82
96.08
27.66
62.01
92.94
28.25
60.93
94.76
28.88
62.33
93.87
29.84
62.89
97
31.41
66.99
3.82
37.41
70.85
6.62
41.61
72.3
5.66
40.76
76.09
12.39
44.81
79.39
14.58
49.17
84.3
20.42
52.37
86.62
21.55
57
92.7
25.61
55.99
89.72
26.06
56.18
89.42
24.41
57.33
91.03
27.18
59.1
92.69
29.33
63.24
97.03
29.4
64.87
98.9
33.26
66.53
2.62
34.92
68.61
3.05
37.64
71.75
7.96
43.31
76.49
12.29
42.34
76.45
10.24
41.77
75.82
12.77
48.25
83.96
18.83
55.17
89.8
26.79
61.17
94.08
30.81
64.09
98.9
36.1
67
2.84
36.28
73.28
9.72
45.16
79.83
16.76
51.53
84.2
20.77
55.38
90.15
26.58
61.17
96.93
32.87
65.13
1.38
35.33
66.82
2.44
38.65
73.9
9.61
44.05
78.16
13.75
46.47
81.77
13.89
48.24
82.9
18.7
53.25
88.18
25.05
55.99
85.86
22.94
58.85
93.1
29.25
61.84
96.5
33.13
67.41
100
34.13
66.63
4
38.84
75.05
12.32
47.18
82.65
15.36
47.62
83.87
21.74
53.03
89.82
27.72
63.79
1.33
37.73
72.1
11.45
44.03
76.37
9.92
38.82
71.88
6.39
39.49
69.97
7.04
39.78
73.22
9
43.33
75.67
8.57
40.97
75.35
10.07
42.41
77.04
7.04
39.84
73.15
4.78
34.73
63.54
89.6
21.25
48.55
76.58
3.54
28.6
55.7
81.48
9.43
35.35
61.23
87.11
13.61
39.87
62.86
89.28
17.7
44.04
68.01
95.35
20.22
44.84
67.37
90.65
17.83
43.55
68.69
96.09
23.41
48.03
67.27
93.67
21.33
47.21
73.25
97.71
