58.94
59.37
59.2
40.79
57.85
59.53
59.66
28.37
55.45
59.52
59.84
28.63
55.86
59.83
60.16
16.55
53.37
59.99
60.11
60.36
41.55
58.74
60.36
60.69
29.24
55.16
60.45
60.63
60.88
33.27
57.3
60.75
60.88
33.32
60.18
61.07
61.28
38.11
59.71
61.37
61.66
31.7
57.62
61.25
61.75
30.45
59.46
61.43
62.01
32.22
59.91
62.11
62.18
38.81
61.75
62.13
62.25
46.23
61.9
62.44
26.95
57.84
62.12
62.63
34.46
61.77
62.51
62.89
44.6
62.33
62.99
22.98
58.24
62.73
63.06
42.22
61.89
62.95
63.04
54.46
63.01
63.27
31.46
60.4
63.33
63.62
42.9
63.2
63.46
63.67
44.9
62.36
63.87
63.91
40.56
71.5
72.96
73.44
43.18
69.78
72.8
73.36
41.88
69.3
72.88
73.35
40.18
66.88
72.99
73.4
73.94
73.56
73.5
48.08
71.41
73.53
73.55
42.37
70.78
73.39
73.72
45.9
71.7
73.78
73.79
42.52
71.91
73.63
73.73
44.17
69.81
73.74
74.16
42.92
68.6
73.75
74.18
39.99
69.26
74.16
74.39
34.76
65.52
74.02
74.53
74.7
58.27
73.99
74.68
74.76
51.49
72.96
74.43
74.82
51.46
73.21
74.61
74.72
45.01
72.56
74.59
74.74
49.49
74.39
74.72
75.05
60.16
74.53
75.17
75.21
66.29
74.77
75.18
75.4
62.28
74.88
75.03
75.15
66.38
75.04
75.1
75.22
58.12
74.4
75.65
75.6
45.86
73.73
75.41
75.74
44.43
70.59
75.37
75.68
34.38
66.98
75.43
75.76
76.2
75.8
75.74
52.62
75.06
75.71
75.91
45.57
70.53
75.49
75.72
75.99
64.89
75.57
75.91
76.55
76.22
76.34
44.91
71.5
76.03
76.37
45.04
71.18
75.92
76.36
33.42
67.72
76.15
76.14
76.55
55.54
75.68
76.54
76.53
48.76
72.54
76.14
76.66
34.64
67.65
76.18
76.81
76.6
46.94
73.31
76.44
76.54
43.92
71.43
76.26
76.73
76.8
60.87
75.56
76.68
76.66
49.02
73.41
76.53
76.92
45.47
73.87
76.7
77.01
34.95
68.26
76.6
76.96
76.96
45.7
71.97
76.75
76.81
77.14
60.79
76.68
77.1
77.12
51.76
75.38
77
77.26
49.39
74.84
76.9
77.32
45.89
72.91
76.91
77.23
58.66
76.82
77.46
77.39
70.87
76.95
77.48
33.92
72.31
76.97
77.59
45.73
74.34
77.38
77.51
52.05
77.15
77.51
78.28
77.46
78.71
72.6
77.41
77.88
46.36
73.24
77.42
77.99
45.58
75.45
77.68
77.92
63.34
77.35
77.92
43.56
72.82
77.68
77.91
54.53
77.42
77.75
77.94
69.13
76.87
77.67
77.89
61.63
77.63
78.18
78.54
77.85
77.98
46.81
75.19
78.15
78.22
47.83
75.58
77.73
78.37
43.83
71.76
77.99
78.25
78.17
61.88
76.68
78.05
78.2
62.09
76.99
78.18
78.29
57.83
75.63
78.3
78.12
50.53
75.53
77.93
78.43
45.21
73.94
77.98
78.45
78.33
62.06
78.13
78.22
78.55
78.13
78.47
47.2
74.78
78.26
78.39
35.66
71.98
78.03
78.31
78.76
71.39
78.29
78.56
78.62
55.28
77.72
78.53
78.6
48.41
76.92
78.62
78.59
53.7
78.49
78.63
78.57
72.77
78.54
78.7
53.29
78.41
78.54
38.18
74.23
78.62
78.72
62.57
78.32
78.79
51.11
78.36
78.88
78.77
73.91
78.69
78.78
78.68
79.07
55.94
78.81
78.93
49.2
78.72
79.17
47.75
78.75
79.13
44.82
78.07
79.21
36.74
77.26
78.95
79.4
75.11
78.91
79.23
75.6
79.08
79.18
74.54
78.99
78.99
73.83
79.07
79.41
70.25
78.8
79.14
63.35
78.91
79.28
58.6
79.1
79.3
48.07
78.48
79.28
79.66
74.55
79.27
80.37
70.55
79.12
79.33
35.94
74.41
79.22
79.63
46.43
74.71
79.1
79.54
47.28
74.4
79.08
79.58
37.65
73.84
79.12
79.52
79.63
73.14
79.51
79.58
79.74
70.65
79.18
79.62
79.83
73.85
79.26
79.58
79.89
70.81
79.41
79.5
79.9
60.93
79.2
79.57
79.78
63.91
79.26
79.69
79.44
70.87
79.32
79.77
45.45
76.88
79.55
79.93
56.72
79.61
79.63
37.13
76.68
79.58
79.88
70.91
79.44
79.64
52.24
79.46
79.76
79.83
74.63
79.52
79.76
63.65
79.52
79.87
47.74
77.46
79.96
80.12
73.44
80.17
59.15
79.71
80.11
49.85
79.32
79.94
80.38
76.55
80.08
80.3
75.2
79.93
80.42
75.39
80.16
80.24
71.37
80.04
80.28
63.95
80.03
80.18
52.94
80.1
80.22
50.42
79.84
80.27
47.45
79.66
80.41
47.34
79.6
80.42
37.78
78.26
80.44
80.53
76.3
80.25
80.59
75.63
80.24
80.41
75.22
80.27
80.25
74.88
80.07
80.4
64.47
80.12
80.61
55.31
80.13
80.71
50.34
79.51
80.41
39.91
77.88
80.35
80.78
77.48
80.49
80.91
74.19
80.22
80.64
64.55
80.36
80.63
50.46
79.93
80.78
48.86
80.18
80.65
45.8
79.25
80.65
47.74
80.29
80.83
49.54
80.25
80.75
40.37
78.95
80.52
40.98
79.07
80.79
80.87
77.99
80.9
80.85
76.68
80.74
80.86
75.73
80.83
80.96
75.56
80.93
81.26
75.99
81.02
81.03
75.92
80.86
81.17
75.89
80.67
81
75.99
80.92
81.1
76.07
80.96
80.96
76.6
81.33
81.16
76.8
80.81
81.15
78.1
80.99
46.92
80.28
81.31
49.89
80.71
81.29
48.97
80.89
81.35
55.46
80.97
81.11
60.43
80.76
81.32
72.5
80.91
81.15
72.37
81.12
81.24
75.61
81.12
81.29
75.73
81.21
81.35
75.71
81.86
81.58
76.49
81.81
82.09
77.64
81.66
81.84
77.97
81.6
81.91
79.22
81.62
40.66
79.7
81.75
42.09
81.36
82.02
50.59
81.57
81.69
54.57
81.66
81.83
52.08
81.7
81.61
57.78
81.52
81.98
65.63
81.61
81.68
76.84
81.86
82.29
78.53
81.84
82.25
79.75
81.95
41.7
81.3
82.08
52.25
81.56
81.9
65.72
81.63
81.88
73.26
82.17
82.02
77.13
81.86
82.12
79.73
82.1
38.58
79.74
82.06
40.82
81.72
82.22
51.89
81.78
82.11
59.74
81.78
82.21
59.82
82
82.13
66.04
81.78
81.97
76.43
81.81
82.1
75.65
82.23
82.24
77.38
82.14
82.37
79.8
82.19
46.98
80.74
82.19
48.24
82.15
82.46
57.04
82.09
82.56
63.7
82.05
82.5
75.74
82.3
82.37
77.66
82.56
39.01
81.71
82.46
54.93
82.13
82.54
52.13
82.02
82.63
50.79
81.28
82.55
51.38
82.38
82.79
52.41
82.46
82.83
52.6
82.45
82.83
52.48
82.51
82.92
51.38
82.28
82.95
49.71
80.87
82.92
82.7
72.78
82.62
83.08
44.08
77.75
82.48
82.89
51.58
80.85
82.76
83.09
57.33
81.28
82.87
82.8
66.31
82.55
82.63
82.9
66.59
82.53
83.04
83
64.73
82.46
82.75
83
74.3
82.82
82.93
83.15
69.82
82.72
83.13
83.03
