53.98
3.53
57.4
6.82
60.59
72.78
16.51
69.09
16.23
49.35
90.46
46.93
89.3
53
98.48
45.13
89.84
44.31
86.9
38.46
69.94
21.86
70.92
22.35
81.91
37.61
57.23
98.25
54.93
94.16
48.33
83.2
35.03
80.44
34.78
85.43
44.17
87.05
45.65
90.2
42.03
87.04
38.73
88.91
45.27
94.72
40.25
88.61
48.29
86.57
39.44
86.91
32.51
72.84
26.69
79.18
26.5
75.53
30.83
79.93
34.95
87.29
41.88
92.47
51.42
4.09
52.59
3.61
44.26
89.99
46.14
96.21
51.92
90.38
46.41
95.03
64.62
15.54
68.7
26.16
75.53
27.97
13
26.85
68.32
19.03
81.47
22.88
72.48
21.6
54.74
19.32
60.74
70.16
8.48
76.78
26.84
78.54
32.79
88.6
43.73
73.5
23.68
63.99
72.44
17.87
65.52
15.18
67.68
20.5
63.99
14.31
34.97
79.26
29.21
80.6
24.34
58.64
7.94
61.3
7.37
66.46
11.95
51.34
98.77
45.73
93.26
49.7
87.36
38.14
76.94
18.24
68.63
98.45
44.08
80.13
39.23
84.15
40.17
85.46
55.92
22.7
64.68
97.94
52.1
85.63
38.73
84.37
43.34
91.76
45.68
78.35
22.92
76.21
34.57
70.9
20.49
74.2
100
73.58
22.4
59.95
96.11
53.34
89.96
51.34
87.01
43.25
79.48
16.9
51.36
91.72
62.95
94.18
57.07
84.68
36.66
82.63
41.99
90.74
47.09
94.59
48.76
99.34
56.71
93.98
31.64
79.69
34.32
75.59
29.68
82.16
31.68
68.66
18.8
63.21
13.75
54
3.15
36.21
87.76
21.06
66.71
16.84
66.49
17.06
49.97
94.97
54.27
3.27
53.52
91.44
38.55
83.7
30.25
57.11
93.97
22.21
64.77
88.34
46.25
78.56
27.74
66
2.95
49.57
84.78
13.48
46.91
79.47
32.3
61.69
96.75
44.76
92.06
42.52
76.55
13.46
64.75
81.54
29.83
75.94
22.88
59.3
9.19
72.27
11.11
59.79
94.53
44.97
78.08
41.6
89.85
31.04
77.28
99.56
59.52
85.79
44.93
86.74
43.59
81.99
35.27
81.25
18.61
62.81
17.84
65.9
18.33
66.38
98.73
47.21
98.57
45.15
92.28
57.34
4.17
62.45
12.85
59.1
95.94
56.91
93.84
24.88
74.23
21.51
65.8
89.09
31.01
81.81
11.59
62.79
8.85
43.61
75.15
9.49
64.02
14.76
66.54
18.63
74.07
94.96
37.11
74.66
17.19
59.65
5.1
58.74
13.62
62.36
3.43
59.03
3.17
52.28
75.48
14.35
60.34
93.96
36.65
82.68
17.8
67.96
5.59
57.2
3.15
37.05
82.42
35.81
85.32
40.62
76.38
96.76
25.55
75.37
90.77
33.03
83.59
24.57
76.49
14.07
56.89
5.73
59.11
91.94
48.4
75.01
19.3
53.92
86.43
37.92
80.69
34.39
40.76
90.58
41.65
89.35
41.82
90.24
51.81
3
44.75
80.44
36.93
82.17
22.83
69.97
92.3
47.08
74.79
34.88
82.62
39.02
80.65
17.5
47.91
90.76
18.67
63.28
20.89
56.84
23.58
70.36
23.42
54.19
69.03
22.95
72.96
22.35
72.84
19.45
54.81
2.99
35.83
82.27
45.14
74.75
30.62
78.46
24.75
77.5
31.28
57.43
11.26
44.91
91.4
44.35
67.91
24.92
73.9
25.29
62
3.33
47.58
90.92
12.38
56.38
89.79
22.22
61.83
98.26
55.67
89.42
37.69
71.39
27.78
72.78
27.95
65.06
87.49
24.06
61.72
7.17
56.65
10.89
37.93
80.85
42.35
84.28
36.58
83.96
25.87
44.52
95.05
43.78
97.64
37.56
85.22
31.66
78.7
21.87
67.28
21.4
59.85
9.39
38.89
93.76
37.15
81.29
23.32
70.17
93.6
45.61
75.19
26.91
65.18
11.51
60.86
85.27
15.35
64.43
18.64
68.45
13.62
66.27
17.04
70
25.46
78.32
20.52
72.41
28.63
78.4
29.04
76.75
31.76
82.02
32.56
67.88
4.35
58.4
10.96
73.61
94.18
36.92
3.1
40.48
91.04
46.49
96.26
40.16
91.66
42.34
88.27
29.64
79.08
35.24
77.51
18.18
57.42
94.55
55.3
98.59
43.36
88.95
40.47
73.93
28.97
69.54
9.04
58.91
7.78
59.71
99.03
25.99
75.12
19.51
65.74
10.27
60.36
92.73
36.69
76.81
23.4
52.74
89.55
45.13
94.17
51.93
87.7
32.15
80.98
37.41
84.79
39.44
88.27
21.48
45.61
90.03
45.05
89.96
45.04
82.86
28.44
76.35
14.23
59.45
3.1
52.62
75.34
29.2
72.59
20.47
58.54
11.11
64.01
5.06
51.8
73.13
29.52
69.5
97.77
32.01
77.53
7.7
61.59
3.09
59.02
9.59
49.64
68.55
14.6
70.14
18.72
70.53
19.18
66.14
5.38
46.07
76.9
34.61
76.29
31.42
65.83
18.05
69.64
85.99
24.59
72.73
31.82
79.32
32.91
71.82
22.36
62.47
84.58
30.32
83.14
24.26
79.48
4.86
58.24
95.52
41.14
35.59
77.63
31.14
75.37
3.56
58.68
88.65
43.64
86.18
39.38
74.4
7.87
61.51
97.49
52.98
83.37
28.73
76.36
28.72
82.44
40.76
79.24
33.26
84.15
38.34
88.95
27.32
77.3
16.48
65.53
12.91
65.97
24.31
73.58
3.15
31.84
93.72
57.47
4.04
40.97
81.23
33.24
71.34
18.68
68.23
25.82
79.21
32.96
86.16
28
76.68
31.12
78.91
20.51
60.92
8.38
50.58
88.31
33.27
77.86
31.87
61.84
61.49
14.78
53.42
3.15
54.5
2.95
50.33
90.6
32.38
77.36
28.7
77.93
14.76
67.7
94.65
45.26
93.28
49.89
90.76
49.82
97.88
52.46
96.99
51.7
92.54
38.09
85.38
25.1
86.42
30.8
85.84
15.12
64.41
97.7
45.2
84.19
24.35
61.29
25.16
78.41
33.28
71.28
22.05
68.56
19.12
88.25
32.66
74.35
21.6
75.01
10.75
61
96.31
39.51
80.95
29.98
83.31
39.62
87.69
42.58
4.88
60.07
9.71
62.2
86.84
18.18
68.5
14.26
57.1
96.51
47.29
92.08
27.21
58.84
88.47
38.99
85.23
19.45
60.01
89.72
46.39
83.33
23.96
73.21
5.88
57.2
