201
203
202
202
225
205
202
204
215
206
201
204
198
202
209
203
202
205
204
213
202
202
202
196
201
220
205
202
207
204
209
203
205
202
201
200
204
200
203
204
204
203
201
202
200
208
201
200
208
203
203
207
209
202
200
206
202
200
202
201
200
201
200
201
199
205
199
210
203
201
200
202
208
202
201
194
201
202
199
203
202
296
225
208
202
195
208
203
204
214
194
208
226
209
193
203
200
202
197
202
214
202
209
227
206
205
202
202
200
207
202
220
206
204
201
207
153
201
202
204
199
205
210
201
209
201
201
209
205
209
208
203
211
209
210
199
203
201
204
193
193
208
210
204
210
203
204
199
201
203
212
207
200
199
210
203
200
203
203
204
211
208
202
208
199
209
202
210
210
213
206
192
211
198
214
203
204
199
201
201
201
204
199
203
206
213
202
202
206
202
200
205
210
202
206
202
210
202
214
200
215
206
202
203
202
214
203
200
202
205
208
208
203
207
217
209
219
207
216
201
212
204
210
210
207
210
216
214
212
202
216
208
208
202
205
212
210
203
222
205
204
205
212
202
195
209
204
209
205
212
196
201
211
204
157
201
214
199
206
201
209
202
204
211
207
200
203
202
205
211
207
198
207
202
197
203
200
201
207
208
199
209
215
203
205
207
218
209
201
156
203
205
212
213
211
200
202
202
202
199
218
209
209
207
208
203
203
199
204
207
201
204
206
218
210
206
211
210
204
213
202
209
204
204
214
202
203
201
202
211
158
218
203
222
209
201
209
201
210
208
202
203
211
201
215
207
212
212
204
204
202
229
201
205
201
204
201
199
201
209
211
200
204
208
205
218
203
215
198
202
201
207
211
215
204
217
206
198
211
193
205
201
214
223
201
203
204
201
205
212
202
216
203
197
215
200
203
205
201
201
217
200
215
202
205
217
198
203
203
210
206
209
204
222
206
210
215
209
208
201
211
206
212
200
205
200
211
158
212
209
204
204
199
218
204
198
206
203
202
209
222
200
207
196
213
202
207
203
206
206
201
210
201
217
197
210
205
208
204
217
205
214
203
210
204
205
216
215
204
200
204
205
202
202
202
200
199
208
202
200
202
203
203
201
202
204
212
209
202
201
196
218
209
192
212
201
201
199
210
200
205
204
209
202
200
207
209
211
206
200
204
210
203
204
152
200
208
207
204
202
203
206
219
203
206
206
205
203
211
210
208
205
215
209
202
200
201
208
208
202
200
203
201
201
214
219
204
202
203
202
208
207
203
209
207
206
205
217
202
206
204
211
199
202
207
207
219
200
208
213
216
205
215
201
207
201
201
211
160
206
200
204
200
204
205
208
211
213
198
207
201
212
200
201
222
211
204
198
202
202
209
202
209
217
207
200
210
199
217
203
208
209
235
206
202
205
215
201
213
203
205
202
211
213
202
208
202
213
207
203
202
199
199
209
202
201
202
200
212
203
210
203
204
202
198
203
214
217
194
198
203
211
208
203
210
204
204
199
200
202
200
208
203
201
204
208
208
203
209
208
209
204
202
215
233
200
210
201
204
202
207
206
211
205
203
202
210
202
214
205
201
201
206
200
201
203
202
203
206
208
203
210
194
208
198
217
203
209
208
208
209
212
194
201
201
208
203
205
202
190
207
208
205
201
211
204
208
210
207
205
199
201
202
203
194
200
202
202
217
214
203
205
209
205
205
204
215
215
211
204
204
214
209
211
201
209
210
203
212
204
202
