28.16
9.04
28.58
10.41
29.05
30.37
15.15
30.15
15.21
27.3
31.82
25.25
32.63
28.67
31.86
23.54
32.04
23.65
32.12
22.18
30.62
15.95
30.8
16.32
32.03
21.5
29.55
32.46
29.5
32.58
27.09
32.32
21.13
32.08
20.99
32.65
24.24
32.82
24.31
32.72
24.37
32.9
23.18
32.98
24.45
32.94
24.56
33.1
27.23
32.97
24.49
33.18
21.1
32.21
17.62
32.64
17.69
32.43
18.93
32.77
22.49
33.56
24.94
33.42
29.03
11.29
29.91
11.12
25.14
33.6
27.08
33.77
30.35
33.77
27.16
34.37
31.46
17.23
32.19
18.28
32.99
18.63
21.5
23.36
36.79
22.44
38.43
23
37.18
23.06
36.33
22.53
36.31
37.39
20.69
37.49
23.48
38.47
26.84
39.08
30.67
38.09
23.24
36.63
38.19
22.78
37.11
22.33
36.93
22.9
37.47
22.06
28.41
38.62
24.85
38.87
23.78
36.76
19.7
36.87
18.71
37.03
22.29
35.01
39.58
32.1
39.59
35.06
39.55
29.83
38.75
23.27
37.67
39.74
31.34
39.04
29.94
39.58
31.23
40.34
37.39
23.84
37.49
39.87
36.49
39.85
30.25
40.37
31.37
39.89
31.44
39.27
24.03
39.7
27.77
38.63
23.57
39.02
24.47
38.99
24.3
37.61
40.2
36.84
40.79
35.73
40.19
31.8
39.78
23.9
35.73
41.04
37.92
40.26
37.37
40.25
30.62
40.25
31.82
40.32
32.87
40.32
35.89
40.35
37.48
40.33
26.9
39.98
28.34
39.59
26.75
40.18
27.24
39.14
24.23
38.28
23.32
37.22
17.7
29.76
40.6
24.76
38.65
24.21
38.63
24.24
36.17
41.07
37.41
17.78
37.42
41.52
31.04
40.63
27.48
37.87
40.8
24.89
38.25
41.27
33.23
40.24
26.3
38.64
17.91
36.37
40.77
23.53
33.88
40.22
28.75
38.38
40.88
32.46
40.84
32.46
40.03
23.66
38.59
41
26.44
40.14
25.39
38.46
22.89
39.93
23.5
38.09
40.94
32.49
40.9
32.6
41.04
27.84
40.11
41.01
38.06
41.03
32.59
41.05
32.64
40.81
28.91
40.83
24.72
39.05
24.77
39.01
24.88
39.07
41.16
32.78
41.3
32.77
41.88
38.03
19.02
38.74
24.08
38.47
41.27
38.27
41.24
25.74
40.07
25.47
39.24
41.29
27.91
41.1
23.86
38.85
23.03
32.87
40.4
23.4
39.09
24.36
39.38
25.05
40.38
41.48
30.54
40.35
24.98
38.69
19.41
39.1
24.22
38.94
18.97
38.7
18.85
37.19
40.58
24.73
38.96
41.44
30.64
41.36
25.12
39.47
19.64
38.74
18.64
30.65
41.43
30.14
41.56
33.03
40.81
41.57
26.03
40.32
41.56
29.48
41.3
25.66
40.76
24.83
38.64
19.91
38.91
41.61
35.9
40.67
25.24
38.34
41.71
30.75
41.2
29.11
33.28
41.8
33.39
41.73
33.27
42.37
38.4
18.82
33.31
41.3
31.07
41.37
25.96
40.49
41.64
35.62
40.88
29.65
41.59
32.23
41.32
25.41
35.37
42
25.49
39.51
25.51
39.5
25.96
40.37
25.93
38.56
40.22
26.11
40.86
26.02
40.78
25.56
38.67
19.03
30.99
42.36
33.74
40.75
28.48
41.31
26.26
41.22
28.89
39.12
24.65
33.62
42.73
33.63
40.33
26.28
40.96
26.14
39.45
19.19
33.64
42.13
24.72
39.16
42.13
26.01
39.59
42.79
39.2
42.19
32.1
40.87
27.39
41.67
27.61
39.87
42.19
26.28
39.47
20.93
39.21
24.6
31.68
41.97
33.71
41.93
31.29
42.14
26.62
34.77
42.31
34.82
42.22
31.33
42.15
28.94
41.36
26.37
40.41
25.97
39.69
24.16
32.63
42.31
31.52
41.89
26.51
40.76
42.39
35.5
41.25
26.98
40.03
24.93
39.87
42.32
25.31
40.22
25.92
40.68
25.1
40.16
25.94
41.62
26.85
41.63
26.05
41.42
27.86
42
27.9
41.81
29.18
42.25
30.44
40.48
20.37
39.82
25.08
41.28
42.49
32.68
19.6
34.16
42.52
35.14
42.52
34.15
42.6
34.12
42.46
28.18
41.81
30.52
41.84
26.18
39.62
42.66
39.72
42.81
34.28
42.54
34.18
41.72
28.39
41.2
24.58
39.95
22.07
40.05
42.73
27.07
41.8
26.35
40.52
24.98
40.11
42.64
31.76
42.51
26.92
39.52
42.73
34.32
42.78
38.29
42.72
29.43
42.34
33.03
42.8
33.07
42.76
26.94
34.3
42.9
34.39
42.7
34.33
42.49
27.19
41.91
25.85
40.23
19.92
39.62
42.03
28.32
41.56
26.47
40.11
25.45
40.37
20.78
39.02
41.86
29.58
41.19
42.92
30.81
42.1
22.51
40.35
19.99
40.17
24.93
38.46
41.15
25.93
41.51
26.49
41.57
26.62
40.89
21.01
35.1
42.2
31.63
42.18
29.91
40.72
26.65
41.28
43
27.59
41.89
29.71
42.45
29.71
41.69
27.15
40.56
43.08
29.84
42.9
27.51
42.47
21.06
40.64
43.15
34.31
31.03
42.55
30
42.41
20.81
40.66
43.34
34.9
43.26
33.59
42.38
22.81
40.9
43.36
40.01
42.98
28.7
42.34
28.8
43.24
34.87
42.7
31.31
43.3
33.71
43.37
28.91
42.81
26.93
41.3
26.14
41.39
27.89
42.36
20.53
30.12
43.41
40.61
21.2
35.13
42.97
31.43
42.65
27.06
42.07
27.83
42.93
31.33
43.5
28.98
42.4
30.27
42.92
27.08
41.07
23.98
39.05
43.55
31.39
42.76
30.22
41.17
41.05
26.56
40.33
20.65
40.24
20.66
39.2
43.54
30.31
42.83
29.01
42.91
27.01
41.61
43.68
35.31
43.67
39.19
43.66
39.25
43.63
39.34
43.74
39.8
43.81
34.07
43.66
27.92
43.86
30.11
43.89
26.79
41.43
43.75
35.34
43.67
28.16
41.88
28.18
43.04
30.61
42.48
27.89
41.72
27.46
43.84
31.32
42.62
27.99
42.96
26.47
41.42
43.92
35.42
43.68
29.67
43.89
35.25
43.93
36.38
21.84
41.23
25.82
41.46
43.88
27.42
42.06
26.66
40.65
44.05
37.53
43.99
28.83
41.02
43.95
34.31
43.45
27.46
41.01
43.94
37.49
43.79
27.99
42.66
22.22
41.17
