31.95
6.5
44.24
33.44
20.41
55.44
6.74
39.9
18.47
48.45
53.51
42.3
21.79
33.12
4.19
15.77
49.22
25.97
41.56
48.35
27.28
0.76
50.8
29.93
16.31
58.48
46.31
53.36
9.12
54.83
4.44
42.66
18.93
27.51
2.49
41.98
50.33
30.82
7.58
29.8
39.93
28.55
6.11
18.71
57.25
37.83
49.37
30
6.4
45.08
25.99
1.41
9.85
18.21
0.79
41.3
17.52
55.08
18.28
24.59
9.59
48.2
8.25
51.02
32.61
40.5
21.22
56.06
39.63
12.29
22.63
58.06
41.34
52.92
35.86
14.25
50.99
40.77
20.47
53.15
34.45
43.07
51.31
39.05
19.44
4.68
10.44
44.62
26.01
48.3
25.56
54.6
32.49
38.9
24.8
4.39
43.65
23.33
31.74
50.15
31.08
0.84
11.23
48.23
38.1
17.43
52
29.46
5.93
39.32
16.13
52.4
32.66
7.1
16.87
0.8
48.7
38.22
1.77
40.87
13.88
28.93
35.14
42.01
50.39
29.85
35.61
13.95
23.08
8.93
47.11
28.32
1.8
37.94
12.18
49.35
57.3
36.72
4.37
42.06
15.76
57.22
37.01
15.22
51.59
31.93
39.58
34.3
10.13
47.91
27.8
0.81
40.18
27.89
0.77
10.78
46.22
27.12
58.63
37.58
16.01
55.8
33.23
10.43
49.12
29.79
16.79
53.81
35.03
22.43
34.16
6.25
17.67
51.1
30.53
57.99
40.68
20.24
29.1
17.28
47.25
23.27
33.23
6.65
44.6
38.84
36.82
16.4
26.93
1.08
49.45
28.87
3.58
49.94
28.53
4.09
40.79
29.52
16.22
52.21
33.77
10.51
46.84
36.1
13.01
50.11
31.45
7.58
43.2
23.08
53.63
43.4
19.7
54.28
35.82
43.44
23.52
31.64
38.9
19.31
53.61
32.03
4.73
17.08
52.91
7.21
42
20.92
54.57
46.86
35.99
16.54
38.92
22.67
53.6
7.59
46.13
52.39
33.39
19.3
1.65
41.07
16.08
24.5
33.68
42.45
31.35
38.44
15.43
50.98
39.58
16.29
53.95
43.93
16.51
48.49
30.1
5.33
43.92
51.62
29.84
36.71
14.91
48.15
28.98
3.44
38.95
26.11
59.13
47.9
36.18
15.83
24.33
35.08
12.57
23.13
56.66
45.63
52.41
0.78
10.48
23.28
31.07
6.19
40.53
20.75
54.2
32.96
20.24
32.95
39.18
28.3
38.32
16.81
34.87
21.32
55.97
44.66
11.1
48.64
25.37
58.66
36.84
10.94
21.18
55.89
36.29
51.64
38.96
19.01
48.7
28.56
56.67
46.39
37.92
12.09
44.55
59.21
39.41
50.13
39.56
46.79
26.4
55.16
32.74
14.58
50.89
32.64
5
15.29
46.63
26.38
58.61
38.73
14.86
25.15
56.25
33.11
3.06
38.31
11.45
47.63
30.72
4.81
37.24
13.96
57.71
39.27
11.64
48.39
53.02
42.24
21.53
50.51
27.5
57.1
47.03
31.15
17.83
1.21
41.24
29.09
4.6
25.03
7.88
44.29
24.14
58.45
7.07
40.63
20.23
28.11
36.01
23.07
0.82
37.85
18.16
59.04
49.28
29.38
52.46
33.23
4.4
40.47
14
22.61
1.13
40.37
19.86
24.5
54.38
3.85
9.15
42.54
31.07
5.63
49.53
30.51
3.32
15
44.72
19.89
3.3
49.89
57.32
37.9
8.49
46.66
35.84
14.14
46.05
52.77
1.82
10.45
24.91
8.17
49.21
56.17
45.18
54.09
35.09
6.36
45.03
26.03
33.91
10.44
54.82
43.07
51.1
4.5
51.76
57.93
36.16
42.52
17.48
49.11
30.48
35.04
47.91
28.33
37.51
44.89
21.78
29.42
3.48
42.06
21.39
3.7
42.2
21.99
52.52
41.62
17.35
51.52
58.51
10.77
43.89
31.24
0.83
41.52
49.2
29.36
37.78
14.34
50.35
57.17
38.15
15.61
45.85
53.22
33.11
40.16
21.96
54.64
6.17
39.61
48.01
39.45
18.56
26.07
58.85
8.88
54.32
32.61
8.81
55.04
34.5
8.95
19.25
53.24
33.04
59.05
38.66
45.4
29.04
57.43
46.32
55.95
36.15
43.95
32.03
20.17
53.6
34.64
51.46
32.89
38.53
17.08
0.78
39.78
19.14
52.56
42.38
49.28
38.07
45.47
24.87
54.7
42.4
52.52
33.59
43.62
15.49
50.31
30.53
40.7
14.34
48.79
25.55
10.89
48.38
35.41
22.68
31.53
6.64
20.17
51.32
38.57
19.76
3.37
42.75
19.5
56.97
36.13
23.77
57.74
40.46
51.69
39.89
48.35
54.79
16.69
25.83
35.95
48.18
29.28
14.95
54.45
36.09
25.22
58.18
38.26
13.97
49.44
30.76
3.58
43.54
24.28
35.26
23.94
57.94
10.73
20.32
56.83
36.24
43.94
31.98
7.98
23.26
32.76
7.95
46.24
21.2
55.58
34.1
21.91
7.27
53.97
34.16
10.15
18.81
55.1
12.86
44.86
24.71
55.16
36.1
50.53
40.63
8.18
54.63
33.39
21.8
55.54
36.72
10.89
48.88
38.19
46.25
55.86
36.37
15.67
24.4
57.43
33.77
3.14
40.47
20.05
55.77
37.34
16.56
52.28
33.07
3.82
41.97
29.75
35.89
14.14
23.8
57.14
39.5
12.71
56.76
38.53
11.36
48.57
37.23
17.69
30.18
5.83
52.03
34.57
11.47
45.46
37.32
16.25
47.81
58.92
7.39
46.73
34.31
8.78
42.96
21.89
55.1
36.76
8.98
54.82
7.76
45.53
52.62
33.38
12.03
56.9
6.2
42.03
19.42
54.41
43.43
33.67
11.82
48.8
28.94
35.9
7.93
18.89
50.6
31.35
41.04
20.14
54.63
8.7
21.23
29.71
5.64
23.6
8.66
47.43
58.97
48.19
27.64
50.38
39.63
26.86
12.86
57.13
47.41
28.85
59.06
50.9
33.59
9.38
47.03
24.84
4.45
51.59
33.26
16.17
24.34
58.61
40.95
19.45
54.01
42.31
15.96
51.16
40.77
15.63
47.99
32.43
20.25
5.2
13.19
45.6
28.34
58.01
38.37
17.89
53.37
31.13
6.35
18.98
49.38
38
1.32
48.78
37.3
10.9
21.83
31.98
5.08
44.77
52.37
33.49
11.83
46.26
53.17
31.08
17.39
50.12
28.65
4.32
22.27
53.77
35.7
14.4
57.12
37.22
10.15
20
29.01
4.9
44.56
24.06
40.23
16.03
59.08
12.46
49.5
54.49
40.05
28.88
35.98
16.96
52.42
31.35
4.39
38.26
46.3
42.16
31.46
6.65
52.51
29.88
1.66
42.43
16.5
27.37
11.71
56.42
7.83
50.52
31.21
42.31
19.76
49.3
38.48
17.98
52.04
33.32
3.84
43.82
32.3
4.96
45.13
24.19
56.71
35.32
13.16
48.62
26.67
1.38
38.7
17.42
53.81
39.16
50.68
38.54
48.06
29.23
5.78
45.89
27.16
7.54
47.64
26.25
59.03
36.87
22.16
56.2
6
17.67
52.79
7.1
34.92
9.03
20.18
29.02
58.4
36.93
15.64
50.62
29.74
41.22
21.08
51.88
57.61
48.39
29.54
2.23
41.67
50.68
29.4
36.44
8.23
45.95
53.48
34.49
43.1
30.16
5.68
40.53
19.1
51.19
35.96
12.58
49.36
29.27
4.11
37.45
44.43
33.38
9.95
44.77
33.59
2.63
38.14
17.25
52.89
32.21
17.05
52.57
29.27
37.76
28.33
35.15
43.17
22.19
6.58
45.56
23.79
57.08
5.3
38.92
19.39
2.48
14.45
46.76
52.84
