80
79
70
71
79
108
85
80
84
111
71
79
106
84
109
81
84
100
110
80
80
69
81
71
71
71
109
103
70
109
79
83
109
79
79
108
80
78
98
106
70
137
107
75
79
105
80
79
80
79
78
109
111
72
79
83
76
99
111
70
79
97
74
79
109
78
78
78
84
109
78
76
104
77
79
78
70
79
82
79
108
109
70
78
70
112
84
78
92
83
84
84
110
71
76
79
80
109
96
79
84
109
79
70
79
80
84
79
84
82
79
80
81
110
70
70
70
92
80
84
104
111
109
109
80
111
79
109
69
79
79
80
84
83
79
108
82
88
81
85
70
82
79
79
79
109
124
80
80
80
80
81
70
81
109
82
79
80
83
80
73
83
79
79
80
70
77
79
71
106
83
108
80
81
86
77
79
108
70
85
84
108
82
79
64
107
79
108
79
70
82
79
70
83
78
83
69
71
79
79
79
81
70
79
79
79
79
83
79
83
70
83
79
79
108
79
109
109
79
79
83
82
107
78
105
84
79
79
66
70
78
94
75
83
105
79
109
79
72
72
80
84
109
108
108
70
109
81
79
70
82
76
71
85
83
79
80
79
108
83
110
80
82
80
80
84
72
80
70
71
78
109
107
79
109
79
70
110
110
107
109
108
80
84
79
79
83
70
105
109
70
106
80
99
71
79
70
91
79
83
80
83
82
109
79
80
101
71
79
85
79
85
70
67
83
84
101
80
105
70
109
80
84
84
75
79
78
83
110
85
80
79
81
82
108
82
85
85
84
84
81
77
80
88
80
70
79
85
80
111
71
80
84
84
83
71
75
71
71
80
71
79
100
71
82
80
80
110
85
79
110
109
71
75
83
79
72
69
80
92
80
84
83
85
109
75
80
81
111
84
109
113
85
71
80
73
79
81
108
86
84
71
71
109
79
85
79
70
79
84
110
108
110
105
72
75
110
70
108
79
84
79
79
109
79
71
70
108
105
70
109
84
110
84
84
79
110
104
80
106
109
83
110
80
80
79
72
80
79
84
71
83
81
109
107
85
72
84
79
109
81
110
79
79
110
79
81
84
110
80
110
77
80
108
85
107
67
80
110
80
109
71
83
79
69
82
79
110
79
82
88
80
110
76
84
71
106
79
109
71
70
80
79
98
80
110
80
70
80
79
80
70
110
70
109
80
84
71
105
80
107
86
80
80
106
85
81
84
70
79
71
71
108
80
106
83
73
78
70
79
82
75
82
71
79
77
106
70
108
110
98
108
106
105
79
71
74
79
70
79
79
83
80
79
82
79
79
105
70
79
108
109
79
80
109
70
79
105
109
79
79
84
79
83
70
70
70
81
79
111
77
103
84
79
83
79
101
78
79
70
81
70
80
79
82
79
70
107
107
80
79
109
80
85
85
81
79
78
79
79
79
79
84
81
72
110
79
109
79
78
84
70
79
84
79
71
77
106
79
70
78
79
83
68
79
83
105
110
78
71
82
84
80
80
78
84
70
105
80
109
79
78
70
110
84
80
79
70
68
78
79
81
109
84
109
82
80
107
79
79
104
108
109
79
102
70
79
104
70
80
92
70
72
70
70
69
79
82
67
78
79
79
82
75
70
79
75
109
79
79
79
79
71
86
79
70
84
83
75
70
70
110
84
77
84
79
79
78
84
80
107
84
70
92
71
70
83
109
107
82
78
109
80
78
82
109
83
71
82
82
79
102
83
80
77
71
80
83
110
108
79
78
80
100
83
70
107
79
112
75
70
110
77
78
82
82
85
108
62
70
80
70
83
83
79
84
107
70
70
108
75
79
106
81
85
70
79
79
79
85
78
71
82
79
80
80
83
79
79
83
79
83
79
77
74
105
71
107
78
79
78
78
74
77
83
79
83
74
79
109
108
79
105
91
82
109
109
83
83
78
82
79
105
79
83
110
70
79
81
79
108
81
110
84
80
109
79
109
71
79
84
80
82
76
80
80
80
79
85
109
70
79
83
70
85
84
79
79
81
72
79
84
108
68
110
109
80
71
79
80
80
111
85
79
71
108
84
110
84
