55.75
24.42
53.59
53.24
50.91
53.94
24.88
55.7
51.09
55.93
53.87
55.91
52.6
53.65
23.36
48.35
53.85
53.49
56.08
56.11
54.57
9.12
56.22
54.09
48.77
54.27
56.13
54.14
34.6
56.46
25.49
54.26
51.72
56.42
17.68
56.94
54.94
56.87
29.5
54.45
54.37
56.82
25.97
52.21
57.3
54.52
54.66
56.84
25.94
56.91
54.79
11.07
37.57
52.05
9.96
54.8
52.07
54.82
52.11
53.96
35.75
54.97
30.07
57.28
57.12
57.32
54.01
57.36
55.11
49.57
54.07
55.65
55.22
57.92
57.36
49.78
55.21
57.56
54.22
57.62
57.92
57.6
55.42
58.19
53.02
26.75
46.92
57.68
55.07
55.49
55.18
55.59
57.75
55.62
55.22
26.25
57.95
59.2
60.29
62.64
60.28
15.83
54.3
60.35
62.49
57.85
60.39
62.57
31.74
60.32
55.08
62.8
60.47
35.57
57.95
15.74
60.61
60.48
17.75
60.66
55.06
61.22
63.06
62.85
63.03
61.26
62.82
55.3
59.75
39.56
63.02
62.98
17.96
60.86
55.41
63.15
60.9
60.99
30.79
61.02
55.55
61.02
63.13
55.54
63.34
63.22
61.1
61.63
46.5
61.69
61.79
16.26
61.05
61.09
16.29
52.16
63.88
60.79
61.14
63.35
55.78
61.14
63.82
50.03
63.99
61.15
58.68
63.44
61.26
60.22
61.3
32.57
58.51
61.19
61.21
63.59
63.94
59.08
61.19
58.81
61.28
60.35
61.49
36.01
61.38
63.59
63.71
58.91
61.86
17.56
61.65
63.78
30.26
61.59
63.75
31.26
61.67
61.58
59.1
64.36
63.8
48.51
61.68
62.28
56.3
63.99
63.97
36.64
64.03
60.8
61.78
61.73
59.55
64.16
62.39
64.38
61.06
63.98
64.03
59.66
61.9
62.07
31.91
59.29
62
36.95
64.38
59.74
62.19
61.8
61.85
59.39
64.15
61.01
62.07
36.9
64.35
64.17
61.9
59.78
19.29
62.23
56.77
61.53
62
62.13
64.59
62.88
56.76
62.45
62.01
56.78
62.13
62.17
56.81
64.48
64.29
33.44
64.29
62.2
64.3
64.44
56.65
64.39
64.32
28.2
62.27
63.38
62.41
62.26
62.25
56.92
61.31
64.44
56.76
61.25
62.21
64.58
64.57
17.51
53.15
61.5
64.91
33.65
64.67
60.09
62.53
62.39
61.16
65.11
62.33
62.43
63.02
59.72
62.32
61.28
62.53
62.49
56.44
62.38
61.91
62.51
62.47
55.42
61.34
63.19
62.38
62.45
64.59
60.43
64.75
62.51
62.46
62.95
62.71
57.03
62.76
63.2
62.64
62.63
64.69
64.92
62.4
62.69
62.51
57.11
64.91
62.55
33.95
57.05
64.93
62.21
63.43
62.64
57.28
62.35
62.78
63.11
26.89
62.71
56.49
63.09
65.45
34.02
65.05
57.3
64.98
62.88
56.77
65.14
62.73
65.53
61.71
62.91
62.73
62.73
63.24
62.85
60.15
19.05
62.91
64.88
33.75
62.08
37.75
63.55
61.89
65.13
37.93
65.18
60.79
65.48
62.81
62.08
18.13
63.15
60.38
62.92
65.22
62.84
65.18
62.99
33.61
63.37
57.55
61.77
19.06
65.39
60.4
62.49
65.69
31.96
42.35
63.04
65.17
34.26
65.31
63.66
27.27
57.51
63.13
60.76
31.82
65.25
65.3
62.96
37.95
63.37
65.27
57.69
65.39
65.47
20.73
55.46
62.72
38.04
65.72
62.99
65.35
65.42
63.18
34.44
65.83
63.35
65.68
55.32
63.14
65.22
63.24
34.43
65.85
63.2
65.41
63.57
60.61
65.49
65.5
63.13
65.45
63.39
65.36
63.37
62.25
65.51
29.17
65.59
62.08
32.3
65.69
62.12
63.32
63.41
60.53
65.47
65.56
57.33
63.68
63.4
18.54
65.53
65.62
65.57
66.08
57.85
65.87
65.52
63.27
58.05
65.65
65.54
65.4
63.55
62.44
63.89
34.77
65.58
63.42
66.11
60.9
63.06
65.83
41.4
63.83
65.66
42.24
63.49
65.64
43.58
61.37
63.52
63.59
66.17
63.45
63.95
63.58
63.49
63.61
65.86
63.46
63.51
63.49
61.29
65.86
63.82
65.86
64.18
63.57
60.94
18.77
65.9
61.38
63.69
65.86
63.53
65.68
65.85
63.24
63.62
63.63
65.76
63.68
63.74
58.13
65.89
63.65
63.64
58.22
63.74
63.31
56.45
63.94
63.58
62.63
65.93
37.83
61.35
63.74
65.94
61.61
32.5
63.77
61.47
63.84
63.6
62.85
63.76
63.67
63.77
63.65
64.44
63.74
61.11
63.28
63.72
66.49
63.7
58.2
66.06
63.66
63.6
63.79
64.16
58.39
66.11
63.88
32.64
64.55
63.07
63.86
62.92
66.03
57.75
61.66
64.65
66.52
63.83
66.15
38.75
62.95
64.63
38.85
63.98
62.68
63.88
63.97
62.75
38.78
64.44
64.77
51.1
61.75
63.99
58.51
64.03
63.05
66.12
63.99
66.29
66.18
38.9
64.71
64.13
62.85
66.2
63.98
58.02
64.06
66.09
64.6
66.81
66.26
58.72
63
64.13
64.02
29.59
66.27
61.84
66.36
66.34
58.82
64.86
64
33.29
64.04
64.68
66.25
58.64
63.23
66.34
64.06
58.7
66.27
64.04
58.13
64.1
66.7
61.49
66.42
35.5
66.38
66.36
58.13
64.42
66.42
59.33
64.25
64.96
39.07
64.04
64.06
40.27
66.52
63.16
66.5
64.07
42.91
64.26
39.11
66.31
66.42
64.07
58.75
64.95
35.57
67.1
62.1
64.62
64.18
66.46
58.75
64.3
66.43
64.12
39.23
62.06
64.93
66.41
67.01
62
64.36
41.95
63.14
64.94
35.6
63.38
41.37
64.35
64.34
64.51
64.62
64.36
64.39
64.31
58.98
64.46
66.54
64.43
64.45
67.18
67.09
42.59
64.49
64
35.73
66.69
64.27
59.02
63.61
64.54
66.73
62.29
64.44
64.42
59.02
64.52
64.42
59.08
64.46
64.47
62.27
35.82
59.05
64.51
65.1
66.83
67.38
62.04
65.1
66.82
36.07
62.39
64.64
64.62
20.99
64.59
64.84
58.68
63.7
64.68
36.09
66.9
67.02
65.31
58.88
66.96
64.85
64.74
62.2
64.85
67.29
34.41
63.75
66.95
64.79
59.23
67.27
64.75
51.05
62.63
67.42
36.08
67.14
63.74
64.93
59.43
64.79
59.31
65.45
65.25
64.88
65.37
66.98
62.22
64.8
64.74
34.66
65.21
67.05
64.75
67.69
36.19
65.14
64.96
21.83
65.38
62.1
64.8
58.89
67.53
39.8
67.18
64.87
65.35
62.56
65.29
67.52
62.19
67.26
64.87
33.9
64.85
64.98
36.3
65.56
64.16
64.94
67.55
59.45
65.54
65.29
21.29
67.19
62.17
65.02
65.03
65.02
65
67.26
67.28
36.34
67.34
64.99
40.03
65.2
64.82
65.17
64.95
64.09
67.34
36.43
62.54
65.15
40.15
64.91
44.82
62.94
65.28
65.1
67.4
59.83
67.44
64.95
67.32
64.19
67.69
65.53
67.47
65.13
25.8
67.41
65.81
65.16
65.12
40.12
67.87
67.41
67.92
65.33
65.8
36.6
65.89
62.9
65.34
67.42
59.7
67.93
67.53
34.65
67.54
65.3
67.51
47.92
65.59
65.22
29.4
67.52
62.7
65.81
65.29
62.63
65.24
67.77
65.46
65.22
67.58
67.66
64.32
36.66
67.99
64.44
68.01
36.66
67.49
63.19
28.74
59.96
67.66
65.36
