17.61
27.61
19.96
29.75
14.32
3.13
26.98
11.24
22.28
14.72
2.87
17.42
28.2
4.65
16.09
29.33
24.07
11.71
21.73
10.02
28.18
30.48
13.31
24.32
8.01
19.6
28.91
12.28
2.4
27.25
11.92
2.05
27.15
22
1
17.01
27.61
22.44
2.2
27.46
11.83
22.57
2.77
27.81
12.52
2.5
16.49
10.17
21.03
1.03
26.87
12.25
1.93
17.46
11.52
22.64
16.8
27.7
22.4
31.41
15.56
9.18
30.28
24.79
8.39
29.69
14.37
5.86
29.31
14.13
4.97
28.99
23.86
0.26
26.06
8.32
29.69
14.34
24.68
7.16
29.19
14.12
24.91
9.11
20.76
14.67
25.34
19.43
4.69
22.47
2.33
27.54
21.78
30.51
13.48
20.07
18.5
27.23
21.44
30.1
14.39
25.36
9.1
30.93
15.44
8.51
20.07
30.26
16.42
8.57
31.3
16.53
8.42
20.89
15.35
7.97
18.95
12.1
22.58
2.25
17.23
27.23
11.78
23.28
3.77
18.18
12.44
2.68
27.31
11.7
22.99
1.86
17.77
27.52
11.79
22.78
17.54
27.73
18.22
12.55
22.25
1.83
26.9
21.98
16.48
9.34
29.95
13.4
2.33
16.22
26.19
4.02
15.62
26.24
6.91
28.93
13.72
2.41
19.88
29.86
23.84
3.27
28.2
11.53
21.69
0.28
24.19
3.51
18.29
11.72
29.83
20.91
12.07
21.29
16.53
20.45
13.3
30.53
21.06
12.77
23.85
3.92
28.5
13.91
23.08
17.61
28.53
23.09
17.49
12.87
1.54
27.32
21.93
16.94
12.72
3.23
17.91
28.73
13.5
4.42
30.69
14.21
7.54
1.53
26.74
20.73
14.45
7.64
20.53
14.76
24.58
5.99
29.23
23.91
4.59
29.13
13.59
3.81
28.39
12.62
2.8
17.9
0.42
26.72
21.17
14.97
8.42
20.11
30.54
25.09
19.81
30.93
15.92
9.68
30.41
15.87
26.22
20.53
31.49
16.47
14.81
25.07
13.48
24.72
8.25
30.16
15.33
26.46
21.52
15.51
9.49
20.8
0.64
16.86
26.78
20.52
14.72
7.62
29.78
13.84
2.23
25.53
6.23
19.62
14.16
25.2
8.94
30.03
24.57
18.97
29.54
24.13
5.52
20.08
14.62
25.7
19.83
30.24
24.58
8.19
19.63
29.34
14.02
24.53
13.1
22.12
17.03
26.86
21.51
15.66
26.24
10.08
30.6
15.68
8.14
29.75
25.45
6.11
28.89
13.75
3.98
18.58
28.59
11.27
22.63
17.06
26.73
11.29
0.34
16.51
26.32
10.68
0.29
16.31
26.68
7.84
19.35
29.73
14.37
22.9
2.51
17.75
12.51
2.37
27.47
21.95
1.01
17.21
10.64
23.18
2.67
27.42
11.81
21.94
9.05
21.02
14.78
25.6
19.32
13.89
24.47
19.54
29.81
24.19
11.3
22.14
16.67
26.58
10.78
21.29
31.05
15.7
9.54
29.98
14.67
25.34
7.99
20.17
13.57
24.24
17.9
11.37
24.87
18.84
13.46
23.41
3.11
18.44
12.9
23.82
3.75
28.71
22.65
2.85
27.38
11.57
22.18
1.33
16.69
10.59
30.07
13.45
24.08
6.18
28.35
21.67
0.81
16.36
9.67
21.36
31.54
25.71
20.87
14.51
24.64
19.36
29.29
13.67
18.41
10.77
21.91
15.5
27.32
8.53
29.69
13.3
23.33
2.78
26.73
9.74
29.51
15.48
25.19
2.29
17.21
27.71
12.86
22.3
2.48
28.02
21.11
30.98
15.54
10.9
20.52
14.7
24.71
6.41
29.24
23.57
3.43
17.95
10.76
21.4
31.25
15.67
9.2
29.86
24.44
19.04
13.41
23.66
3.54
27.98
12.19
22.8
3.03
27.73
11.65
1.33
26.64
11.61
21.76
15.98
9.68
21.83
16.01
9.13
29.92
25.19
4.76
19.71
13.52
3.43
27.81
13.04
21.39
15.79
9.64
30.54
14.54
24.03
18.06
29.79
24.6
8.02
29.91
14.26
24.86
18.95
29.09
23.59
1.43
17.1
26.96
21.6
16.09
26.43
10.59
30.86
14.62
24.82
7.35
19.02
12.71
23.73
3.49
17.7
28.69
12.27
23.09
16.36
30.28
13.57
3.05
26.55
10.28
19.11
29.34
13.75
3.66
18.24
28.92
23.45
3.5
18.86
12.33
30.65
25.19
7.97
19.76
30.17
23.71
0.29
26.19
19.63
29.89
24.05
3.73
18.32
11.42
22.47
0.96
15.62
30.38
24.7
18.91
13.04
23.7
18.1
28.09
12.17
1.88
26.82
11.11
30.53
24.5
7.85
29.56
13.94
4.1
18.9
29.03
12.68
17.77
11.59
22.97
16.78
10.54
29.58
11.41
0.31
25.25
12.54
23.51
3.89
29.62
22.04
2.01
17.24
10.38
0.37
16.22
26.68
20.71
30.77
15.84
25.9
10.23
21.12
31.18
27.18
11.15
29.71
14.85
10.64
21.72
0.37
26.25
10.97
22.43
1.26
26.34
21.02
30.88
15.16
29.22
22.95
3.48
18.13
28.26
22.98
16.66
10.04
30.64
25.74
19.77
30.48
24.7
19.37
29.69
24.08
6.8
19.19
14.71
3.45
18.33
12.14
20.36
30.62
15.18
25.62
19.62
30.02
14.26
5.43
28.61
23.08
3.36
27.56
15.76
8.53
20.67
14.8
5.64
28.91
21.99
1.33
26.31
23.46
16.95
26.86
11.67
29.79
21.83
15.82
25.88
9.49
29.72
14.26
23.92
4.48
21.83
14.49
24.15
2.61
26.24
16.35
25.82
8.78
29.99
22.82
1.6
26.48
11.92
31.56
24.55
3.66
27.2
20.46
12.88
22.03
31.32
15.4
23.65
3.26
16.75
26.41
19.32
12.88
29.83
24.01
3.31
16.15
8.89
26.91
20.25
13.95
23.96
17.48
10.88
21.91
1.29
26.59
10.35
21.46
15.33
25.65
8.68
29.47
14.81
25.15
19.05
29.54
14.52
4.73
17.59
11.36
21.84
15.95
26.89
21.16
0.36
16.89
10.28
21.54
0.73
16.5
27.35
21.83
16.57
9.97
31.01
23.63
3.51
27.82
22.8
1.55
26.56
2.89
21.8
0.96
16.85
10.71
31.16
26.1
19.82
29.61
14.26
6.48
28.93
13.56
23.85
3.86
18.54
13.4
23.08
3.68
28.37
22.81
16.98
27.06
21.38
0.3
15.98
9.71
21.15
15.2
8.01
19.87
30.4
13.76
4.02
29.95
24.64
18.44
28.8
23.62
17.79
27.85
22.55
14.61
3.45
28.77
12.1
21.65
14.99
3.96
27.94
21.91
15.71
5.54
18.47
28.19
11.11
30.9
24.4
18.35
8.7
28.92
12.04
31.54
24.45
3.33
16.88
26.83
21.8
15.52
25.87
8.54
30.45
23.17
2.76
17.64
27.38
15.56
9
30.67
24.45
6.33
19.28
29.44
23.52
30.92
25.35
7.94
19.98
27.73
22.1
1.63
27.04
21.57
16.09
13.93
23.92
4.56
29.03
13.63
24.71
19.03
30.56
23.52
2.1
17.16
26
8.23
20.43
14.6
5.3
19.43
29.7
24.69
19.42
29.52
14.38
25.35
6.4
17.8
28.99
23.14
17.52
11.35
21.51
0.32
14.64
5.51
19.06
27.61
11.46
1.35
16.77
27.13
11.88
0.99
16.12
26.48
19.71
31.44
24.52
7.76
29.08
22.57
16.82
10.03
20.72
30.83
15.34
25.69
19.83
28.97
13.06
23.94
18.27
12.31
23.14
16.33
12.67
23.05
16.99
27.65
21.73
16.16
10.2
21.2
14.15
23.62
3.4
27.57
12.36
23.16
3.41
18.14