95
75
95
94
74
72
94
94
75
74
94
95
102
103
85
72
85
98
81
80
110
97
93
93
96
94
97
71
71
93
70
71
70
94
93
93
71
93
70
93
94
94
70
94
71
97
70
94
93
70
93
70
93
71
94
71
92
71
97
94
71
71
71
94
71
94
71
71
94
70
71
70
99
71
97
71
94
95
93
71
94
93
93
94
71
94
71
84
86
94
71
71
98
98
71
94
98
71
98
94
93
94
70
94
71
94
95
93
71
68
93
73
93
70
71
97
73
94
94
94
95
94
93
93
94
70
71
71
94
93
95
94
94
94
94
70
94
80
71
95
94
71
70
70
72
73
97
72
97
95
98
101
94
97
72
94
73
89
95
72
96
71
95
95
95
76
96
94
72
78
79
76
97
71
108
74
79
80
75
93
94
70
92
97
71
93
71
70
70
70
70
71
70
67
71
94
93
94
70
65
97
70
63
71
73
72
70
93
71
94
95
71
70
94
70
93
71
71
94
71
94
86
70
71
73
70
93
94
70
70
92
93
71
71
93
94
71
94
93
61
93
85
93
93
70
93
93
70
70
70
93
93
93
94
73
71
71
71
95
75
74
97
94
71
93
93
70
71
71
94
71
94
92
70
93
71
94
71
93
94
94
94
93
85
97
71
94
72
71
94
94
71
93
72
71
71
94
71
94
71
94
94
98
93
71
94
93
71
94
94
94
71
94
94
99
95
94
94
98
94
94
70
71
70
71
94
93
71
93
93
71
93
94
86
94
72
94
72
71
93
70
94
70
87
94
71
94
93
94
97
94
71
72
94
94
94
94
71
93
74
71
88
72
71
94
95
93
70
94
94
71
71
94
71
94
95
94
94
71
74
97
94
93
73
72
95
95
71
93
94
72
71
72
95
71
95
94
107
74
95
72
94
96
72
96
95
95
73
96
73
91
94
101
94
94
93
95
94
70
75
94
94
68
97
71
95
95
71
71
95
95
73
95
95
94
71
72
71
70
71
95
95
71
95
94
94
71
94
71
71
93
95
71
71
93
71
71
70
71
95
94
71
72
71
93
99
71
71
71
95
97
70
91
71
94
71
94
95
71
94
71
97
95
94
71
71
94
94
72
96
95
94
95
71
93
95
95
93
95
94
72
87
97
72
74
94
98
94
95
71
94
93
71
94
94
72
75
71
95
93
94
73
99
73
72
94
72
95
95
72
94
95
94
85
71
72
71
94
71
94
95
71
71
94
74
71
94
71
94
71
94
95
95
107
71
94
71
71
74
100
72
72
89
94
93
72
72
93
94
72
70
94
94
71
94
94
95
93
94
94
67
94
76
93
66
94
94
71
93
94
95
71
70
95
95
87
72
94
95
94
71
71
71
71
71
71
93
71
71
94
71
93
94
70
72
94
70
100
94
94
94
72
94
95
71
71
71
94
71
87
71
94
71
72
72
73
95
72
65
72
95
94
76
76
72
95
95
72
95
95
94
87
75
96
98
73
82
96
95
73
73
96
71
92
73
74
96
74
74
74
97
96
96
97
96
97
96
73
72
80
72
95
99
72
79
73
72
95
73
72
93
94
71
94
95
71
95
95
72
93
94
71
94
94
71
98
71
95
71
93
71
93
94
71
93
94
94
94
71
71
71
72
73
94
72
70
95
71
103
84
95
94
71
71
71
72
93
94
70
71
94
94
95
95
70
95
93
70
71
71
95
71
94
94
71
94
71
71
93
94
96
71
68
71
71
94
71
72
95
71
76
73
70
96
96
73
73
72
73
72
73
96
95
96
73
74
74
75
73
98
73
74
97
97
95
71
71
94
96
71
73
94
94
95
86
71
71
71
94
94
95
72
100
71
95
94
100
71
94
71
71
71
63
94
94
70
94
93
71
94
71
97
94
97
95
94
71
71
93
94
71
70
94
94
93
94
97
93
71
71
72
95
95
97
71
94
99
94
71
94
94
93
71
94
95
73
94
71
93
75
71
71
72
94
95
94
94
70
97
94
94
71
71
97
71
66
94
72
94
71
71
72
94
74
97
94
71
93
94
94
94
96