42.96
43.09
43.11
43.27
43.27
15.46
43.07
38.34
43.25
43.49
13.55
43.18
43.16
22.82
43.6
43.22
43.75
38.49
43.53
27.5
43.65
43.76
43.21
43.6
26.08
43.3
43.13
40.98
13.83
43.57
40.56
13.84
43.52
43.42
9.26
43.59
43.47
43.67
13.97
43.72
41.17
43.66
14.02
43.5
41.36
14.1
43.65
30.12
43.62
9.86
43.84
41.33
14.16
43.62
40.46
43.71
43.64
43.83
43.67
43.88
43.77
29.01
43.96
43.82
26.69
43.83
43.86
26.63
43.96
43.79
26.32
43.88
43.81
5.9
44.01
26.77
44.05
43.94
44.09
26.74
44.02
44.04
44.01
28.3
44.14
44.14
44.18
44.05
24.56
44.35
14.56
43.97
44.18
44.14
44.2
19
46.66
46.66
46.41
46.72
46.58
46.67
30.95
46.69
46.84
29.56
46.66
46.8
44.54
29.63
46.79
46.64
29.55
46.62
46.74
29.63
46.67
44.52
46.79
17.29
46.79
46.75
43.53
46.69
20.94
46.93
44.51
17.35
46.79
44.54
46.94
17.05
46.93
47.03
44.58
47.07
47
46.85
46.92
44.7
46.9
16.51
47.21
47.07
47.15
33.66
47.19
47.05
17.49
47.01
47.17
22.19
47.14
47.01
29.79
47.21
47.18
17.48
46.98
47
47.17
19.5
47.48
42.39
47.28
9.08
47.24
19.54
47.1
39.83
47.63
47.47
44.85
47.29
47.55
47.21
44.86
47.84
47.34
45.49
47.46
22.02
47.2
47.16
47.29
47.39
47.32
47.43
47.28
42.16
14.9
47.43
47.35
46.96
47.33
19.79
47.21
47.57
47.22
22.65
47.18
47.38
30.08
16.65
47.19
47.49
47.37
30.13
47.59
47.36
47.6
30.22
47.5
47.58
27.47
47.68
47.49
20.68
47.41
45.27
18.28
47.09
9.9
47.53
47.48
47.46
31.32
47.67
47.74
47.66
47.26
47.53
47.62
33.38
47.78
47.38
47.76
47.57
47.57
47.31
47.56
47.25
47.65
47.57
30.41
47.67
47.63
47.59
47.6
47.56
33.44
47.71
10.3
47.58
47.71
47.64
47.57
30.39
47.74
47.31
18.11
47.56
30.44
47.73
47.73
47.7
31.94
47.71
47.82
47.88
47.64
47.72
30.43
47.75
47.71
47.74
47.85
48.03
47.78
30.54
47.73
47.71
47.71
47.45
47.75
47.92
47.59
47.79
47.97
47.85
47.85
33.71
47.81
47.87
30.6
47.89
48.62
30.53
47.76
47.96
23.41
47.82
47.62
43.12
47.8
47.85
48.25
43.1
9.99
47.83
47.9
39.22
9.8
48.03
47.64
30.64
47.79
47.93
47.75
48.01
18.36
47.87
45.62
18.4
47.94
48.21
14.16
47.92
40.69
45.86
18.4
47.95
43.24
47.88
34.11
47.9
47.73
47.93
48.15
47.96
48.08
47.91
47.86
47.5
43.22
48.02
47.86
48.05
38.97
47.97
48.02
48.14
32.38
48.18
47.98
48.09
30.9
48.15
47.94
47.85
48.12
43.33
48.01
48.1
47.95
48.16
20.5
47.97
48.09
48.08
22.05
48.08
48.24
18.66
48.29
43.35
48.21
14.75
48.04
38.72
48.11
48.23
48.21
30.87
48.1
48.3
12.07
48.16
34.19
48
48.27
48.14
48.15
48.23
48.15
48.15
48.39
47.94
48.43
39.78
48.25
48.5
49.03
31
48.48
48.13
48.37
18.65
48.23
34.08
48.37
48.39
48.1
18.62
48.26
48.39
45.9
48.27
18.65
48.21
48.36
48.35
47.85
43.43
48.22
48.34
48.34
30.96
48.25
48.22
20.65
48.08
39.8
48.15
48.36
48.33
32.46
48.34
48.3
48.18
48.33
48.33
20.71
48.22
46
48.38
18.8
48.31
43.53
14.96
48.37
43.65
48.35
48.57
34.24
48.45
48.48
32.57
47.99
48.57
29.57
48.22
48.28
20.74
48.37
48.33
48.33
48.41
32.67
48.27
48.12
48.49
47.94
48.41
48.49
31.13
48.37
48.38
48.26
48.51
48.43
48.35
17.5
48.48
48.42
48.54
48.41
48.57
39.41
48.43
48.35
48.47
31.19
48.51
48.08
48.45
20.87
48.19
48.6
46.1
48.52
48.13
48.58
48.36
20.29
48.46
39.16
48.65
48.56
48.36
21.23
48.64
48.52
48.49
20.85
48.46
46.14
48.75
48.53
31.33
48.57
48.49
48.72
10.62
48.52
48.58
48.55
48.57
21.71
48.54
43.78
48.52
13.68
48.21
48.56
48.55
48.59
48.73
48.63
48.54
48.71
46.24
18.11
48.2
43.82
48.44
48.58
31.29
48.73
48.47
25.12
48.6
48.69
48.31
48.8
44.3
48.63
48.71
39.51
48.38
43.77
10.53
48.31
46.25
48.65
21.3
49.43
48.69
19.05
48.68
39.52
10.59
48.82
48.52
48.81
48.79
48.58
48.79
38.04
48.77
48.25
48.85
43.91
48.73
48.19
39.69
48.58
10.72
48.71
43.93
48.73
15.34
48.85
48.63
48.65
48.37
48.69
48.69
21.11
48.83
48.62
48.64
48.89
34.5
48.72
48.79
48.79
48.88
48.7
48.76
48.65
48.82
31.45
48.57
47.66
21.16
48.66
46.5
48.65
48.76
48.73
48.77
48.92
48.64
48.82
31.13
48.82
48.78
21.19
48.64
48.81
31.62
49.09
48.72
31.18
49.02
48.82
15.49
48.49
49
48.66
48.95
39.66
48.95
49.11
48.75
48.86
33.08
48.8
48.95
49.07
28.7
48.78
48.8
48.93
19.27
48.71
48.81
48.85
31.68
48.79
48.94
18.03
48.44
44.15
49.02
48.98
21.26
48.79
49.08
46.66
48.99
49.04
49.01
48.64
21.28
49.02
49.1
49.05
48.7
48.83
49.01
21.3
48.89
33.13
48.92
48.99
48.99
48.86
48.89
44.12
49.27
15.58
49.11
39.79
49.16
49
48.91
32.93
49.02
49.02
48.97
48.88
48.86
48.87
30.47
48.79
44.25
49
49.07
48.94
49.25
10.91
48.99
39.76
49.15
11.79
49.15
49.03
48.92
48.96
34.87
48.82
49.04
21.3
49.14
48.98
16.54
48.98
19.51
49.2
13.4
49.18
39.98
49.14
49.05
49.07
49.15
49.09
31.87
49.12
49.11
49.21
23.67
49.12
49.26
49.34
21.54
49.1
49.2
49.13
49.23
49.08
11.09
49.26
34.9
49.37
49.15
31.93
49.27
49.29
48.98
24.06
49.21
49.17
49.17
49.3
49.3
49.24
48.94
49.22
49.47
21.58
49.42
38.92
49.23
49.46
23.02
49.35
49.47
49.07
31.63
49.59
49.49
43.49
49.35
49.45
47.08
32.05
49.11
44.51
49.29
49.38
21.61
49.27
49.15
49.31
49.23
49.46
32.06
49.94
49.23
19.71
49.4
48.96
49.32
33.48
49.34
49.56
32.01
49.4
49.27
49.21
49.36
49.35
31.97
49.08
49.31
49.45
18.57
49.37
49.31
49.19
49.3
49.43
26.21
49.53
49.25
49.33
49.23
50.32
49.49
19.72
49.42
49.23
32.16
49.41
49.21
31.7
49.37
49.41
49.44
49.46
49.34
49.37
49.3
32.06
49.45
49.59
49.45
49.3
41.03
49.49
11.33
49.3
31.77
49.15
49.53
44.65
16.05
49.34
49.4
44.68
14.26
49.51
49.44
49.44
50.23
49.67
32.18
50.15
49.45
49.54
35.34
49.54
49.59
49.52
49.38
49.25
49.38
49.49
49.49
49.43
47.07
50.36
49.14
47.12
49.42
49.53
49.61
49.57
49.42
33.69
49.78
49.64
49.64
21.88
49.49
47.16
49.76
21.89
49.72